4097	[4097, 120621]
8196	[319839, 8196]
4101	[4101, 64007]
8197	[242198, 244047, 8197]
4102	[4102, 191315]
4103	[4103, 50873]
8200	[8200, 121780]
4105	[44620, 4105, 293201]
11	[11, 257223, 51854]
4107	[165557, 4107]
4108	[4108, 79099]
14	[14, 102537]
4111	[4111, 41325]
8207	[267589, 74400, 8207]
8208	[13143, 150863, 8208, 178128]
8212	[8212, 49208]
8216	[8216, 209241]
8217	[93665, 8217]
4123	[118033, 4123]
4124	[28134, 4124, 289927]
8222	[8222, 136094, 15060]
31	[76983, 31]
4127	[225783, 4127]
8224	[8224, 211657]
4129	[71265, 4129]
8227	[8227, 268681]
8228	[8228, 150990]
39	[39, 159041]
4135	[4135, 7801]
4136	[307261, 4136, 284750]
43	[292710, 43]
8235	[8235, 163024]
8237	[8237, 167737]
4146	[4156, 4146]
52	[14705, 52]
8244	[8244, 294223]
4149	[7065, 312239, 4203, 4149]
54	[278597, 238503, 54]
4151	[4151, 236041]
57	[57, 291341]
8249	[163481, 8249]
4155	[4155, 4168, 4202]
8252	[321177, 295611, 8252]
61	[212340, 61]
4157	[4157, 181375]
4158	[4158, 11144]
8255	[8255, 318738]
4160	[273816, 4160]
65	[72677, 65]
66	[66, 146476]
8260	[111720, 8260]
69	[69, 179555]
70	[183921, 7731, 70, 189443, 326886, 150925]
4166	[4166, 4206]
8266	[8266, 30815]
8267	[8267, 270430]
8269	[8269, 10827]
8270	[106066, 8270, 283563]
79	[79, 34875, 122389, 146018]
4177	[4177, 36046]
82	[82, 172818]
8275	[8275, 111071]
8277	[8277, 157177, 102887]
8279	[8279, 100378]
90	[81156, 90]
4186	[4186, 233478]
8282	[261097, 8282]
4188	[4188, 86166]
4189	[4189, 301253]
96	[58450, 96]
4192	[111309, 4192]
99	[99, 170604]
4195	[4195, 311373]
8291	[112036, 30609, 8291]
8293	[8293, 56380]
4198	[4198, 178117]
8296	[38332, 8296]
4201	[4201, 161761, 8680]
8297	[264640, 8297, 173670]
106	[106, 309307, 294488]
8298	[8298, 204594, 315919]
107	[107, 1779]
4204	[4204, 330919]
8300	[8300, 284898]
8301	[8301, 98625]
8303	[8303, 281805]
116	[116, 33769]
117	[53566, 117]
8309	[269913, 8309]
8312	[267436, 8312]
122	[122, 20819]
4219	[125945, 4219]
8315	[8315, 102987, 240875]
4220	[4220, 26210]
125	[113208, 125]
8318	[8318, 146051]
4223	[182989, 4223]
4224	[87172, 4224]
4225	[4225, 18547]
4226	[34588, 4226]
4227	[208296, 4227]
8325	[8325, 216591, 315302]
136	[66850, 136, 7020]
138	[308362, 138]
8330	[8330, 56937]
8333	[8333, 9783]
8334	[8334, 288881]
143	[143, 241835]
8336	[8336, 284611]
145	[145, 278991]
8337	[8337, 20667]
8338	[8338, 170758]
149	[149, 246965]
151	[140681, 151]
152	[229205, 92891, 152]
8344	[8344, 267250]
4250	[4250, 71237, 299994, 259761]
4251	[4251, 203351, 148132]
156	[156, 33287]
4252	[4252, 257650]
8349	[8349, 213314]
8350	[8350, 279284]
8351	[8351, 100864]
161	[295697, 161, 54592]
4257	[4257, 32031, 84285]
8354	[8354, 147444]
4259	[196305, 4259]
4260	[4260, 184016]
165	[165, 328345]
166	[166, 325470]
4262	[263430, 4262]
167	[167, 232194]
168	[168, 27951]
8360	[123171, 8360]
4266	[4266, 40833]
172	[307111, 172]
4268	[18862, 4268]
8364	[8364, 326880, 109281]
8365	[8365, 266042]
174	[174, 61647]
8366	[8366, 74789, 75345]
4271	[4271, 298200]
8368	[131694, 8368]
4273	[4273, 124859]
8371	[253520, 8371]
180	[319914, 180]
4276	[4276, 311539]
8375	[8375, 209972]
184	[212879, 184]
4280	[100603, 237552, 4280]
8376	[8376, 16661]
185	[235660, 185]
187	[187, 74172]
189	[189, 107137, 8419]
192	[213928, 104970, 192]
193	[241759, 193]
4292	[268197, 4292]
4293	[4293, 146333]
8390	[8390, 258387]
4295	[295739, 312422, 4295]
201	[201, 78889]
202	[202, 80655, 43914, 244094]
205	[205, 193945, 188689, 318300]
4301	[20662, 4301]
206	[9201, 55198, 264656, 237785, 232790, 101760, 206, 71297, 231167, 192045]
8398	[8398, 210390]
207	[207, 235836]
208	[323684, 149585, 208]
4304	[24083, 4304]
8401	[8401, 13642]
4306	[222124, 4306]
8403	[33532, 8403, 126623]
4309	[4309, 210319, 213802]
4310	[201254, 4310]
4312	[4312, 255917]
8409	[78271, 8409]
4314	[242981, 4314]
8412	[242895, 8412, 184321]
221	[221, 228438]
4318	[38890, 143868, 4318]
224	[240641, 224]
4321	[29720, 4321]
4324	[231261, 4324]
229	[100265, 229]
8423	[168840, 8423]
8424	[8424, 199278]
4330	[285881, 4330]
235	[80375, 235]
236	[236, 309384]
4332	[4332, 263436]
8429	[8429, 321422]
238	[39938, 294703, 238]
4335	[4335, 290949]
8432	[242204, 8432]
241	[13593, 241]
8433	[113756, 8433]
8439	[147832, 8439]
248	[206427, 248, 105223, 1580]
249	[249, 35062]
8441	[8441, 38346]
8442	[8442, 10207]
251	[297935, 251]
252	[219443, 252]
4349	[4349, 98131]
4352	[307273, 4352]
4353	[4353, 152994]
259	[34467, 259, 36545]
8452	[8452, 239098]
4357	[33794, 4357, 132206]
262	[262, 85186]
4358	[4358, 189345]
4361	[186703, 4361]
266	[266, 89269]
8459	[17783, 8459]
4364	[4364, 32376]
269	[239458, 269, 202054]
8462	[8462, 278450]
4367	[28731, 4367, 78021]
274	[183961, 165107, 274]
4370	[4370, 199507]
276	[276, 72718]
4373	[4373, 11403]
4374	[4374, 18188]
8471	[8471, 12412]
8472	[8472, 95916]
282	[282, 302144]
283	[295862, 283]
285	[259294, 264941, 285]
8477	[8477, 230408]
8479	[8479, 8482]
4385	[4385, 35078]
292	[292, 250923]
4389	[4389, 61152]
294	[132684, 311302, 177621, 294]
296	[61972, 296]
8488	[8488, 34966]
4393	[4393, 249952, 288282]
8489	[291557, 8489]
4394	[4394, 72024]
303	[253368, 303]
304	[304, 258874, 208786]
8496	[80221, 8496]
8497	[8497, 136803, 268356, 76459]
8500	[8500, 275195]
8502	[8502, 313780]
4407	[16576, 4407]
8503	[55512, 211961, 8503]
4409	[4409, 36719]
8506	[84636, 8506]
4412	[263694, 239667, 4412]
8509	[8509, 273989]
8510	[8510, 185048]
4415	[70014, 318273, 4415]
322	[322, 170402, 175257]
8514	[155359, 8514]
323	[54310, 323, 53820]
4419	[4419, 225776]
4421	[4421, 231145]
8522	[8522, 324486]
331	[331, 91060, 187101]
8524	[8524, 200576]
333	[333, 18600]
335	[290138, 335]
4431	[192664, 4431]
8527	[119650, 8527]
4432	[72548, 4432, 189986, 28623]
338	[338, 283389]
4435	[4435, 198599]
8532	[118034, 8532, 17824, 332666]
4439	[26534, 4439]
344	[344, 42439]
346	[346, 64697]
4442	[4442, 29294]
8540	[8540, 165455, 94079]
8542	[168102, 8542]
351	[288580, 351]
4447	[132861, 118824, 4447]
8543	[8543, 315890, 76041]
8547	[150605, 8547]
8548	[62690, 8548]
8550	[8550, 213961]
359	[223979, 359]
4455	[4455, 189107]
8553	[8553, 251529]
362	[32259, 362]
4459	[28563, 4459]
8556	[228953, 72503, 8556]
366	[366, 120682]
8558	[159942, 8558]
8559	[72752, 64952, 8559]
4465	[4465, 304398]
4470	[4470, 333678]
8566	[8566, 233257]
375	[317051, 375, 133751]
4471	[4471, 134302]
376	[376, 78949]
4472	[4472, 334690]
8570	[198450, 8570]
380	[266395, 380]
8572	[8572, 116852]
4477	[4477, 238249]
383	[109076, 383]
8575	[8575, 182458]
386	[386, 60814]
8578	[8578, 173343]
4483	[105210, 4483, 49043]
8580	[278151, 8580]
391	[159348, 391]
4488	[4488, 198524]
8584	[161107, 8584]
8585	[8585, 121166]
8587	[8587, 196187]
396	[396, 508]
8588	[8588, 302376]
4493	[4493, 13098, 68040, 278034, 256284]
8589	[8589, 202687]
4494	[4494, 305362]
399	[323057, 399]
400	[400, 65148, 121902]
401	[401, 10957]
8595	[8595, 246643]
404	[404, 315461]
408	[208270, 408]
409	[75631, 409]
8601	[8601, 313763]
411	[411, 232965]
4507	[4507, 332820]
8603	[209295, 8603]
4509	[4509, 216470]
416	[37350, 416, 273108]
4512	[332926, 4512]
8608	[313968, 8608]
4513	[4513, 84431]
418	[25024, 418]
419	[264012, 419]
421	[116430, 421]
4519	[4519, 189180]
8617	[14904, 8617]
426	[247809, 426]
4524	[4524, 245053]
4525	[188140, 4525]
432	[126649, 432]
433	[433, 306866]
4529	[4529, 6476]
8625	[257516, 100960, 8625, 304395]
435	[435, 239284]
436	[436, 121591]
4534	[4534, 313693]
4535	[4535, 166862]
8633	[300874, 8633]
8634	[8634, 328243, 186363]
8636	[302154, 8636]
8638	[236076, 226970, 8638]
4543	[272364, 4543, 284268]
448	[50163, 448]
8641	[8641, 251433, 136210]
4546	[4546, 135185]
8642	[8642, 214626]
8644	[8644, 228287]
453	[453, 222894]
8645	[8645, 58639]
454	[454, 10882]
8648	[262236, 8648]
457	[160734, 457]
8649	[258621, 46696, 8649]
8650	[8650, 318099]
4555	[4555, 267718]
8651	[8651, 34888, 154421, 143528]
8652	[148427, 8652]
461	[207620, 1391, 461]
4559	[4559, 310340]
4561	[201145, 4561]
8657	[293895, 8657]
4563	[242489, 4563]
4566	[4566, 185398]
8662	[8662, 162625]
471	[115861, 304022, 471, 326204]
4568	[120499, 4568]
8664	[40491, 8664]
474	[474, 321622]
8667	[171114, 8667]
4572	[4572, 310502]
8672	[80322, 8672]
8673	[8673, 35513]
4578	[116931, 4578]
485	[485, 32136]
489	[226695, 489]
8683	[8683, 326473]
493	[181909, 493]
8685	[8685, 291711]
494	[93304, 494]
8688	[8688, 98659]
8690	[134652, 8690]
499	[499, 130739]
4595	[4595, 82375]
503	[14461, 503]
8695	[8695, 191398]
4600	[67305, 4600]
8696	[8696, 69324, 304169]
4601	[272937, 4601]
8697	[8697, 140986]
8700	[8700, 51759]
4608	[4608, 158782]
4611	[329286, 4611]
8708	[283275, 8708]
8710	[64372, 8710]
519	[303468, 519]
4616	[254999, 4616]
521	[521, 90085]
522	[522, 102720]
8714	[29884, 8714]
523	[122931, 523]
524	[524, 183716]
4622	[4622, 162909, 273912]
527	[527, 40455]
4624	[284518, 4624]
4625	[113501, 4625]
8722	[204004, 8722]
532	[532, 537]
4628	[4628, 25154]
533	[533, 98495]
8726	[8726, 114402]
4631	[229852, 4631, 129507]
8727	[205684, 8727]
4632	[274674, 241099, 4632]
8728	[191803, 8728]
4633	[301847, 4633]
4634	[73568, 4634]
8730	[8730, 221399, 85351]
4636	[280423, 4636]
541	[541, 221285]
4639	[4639, 271267, 298888, 23521]
4640	[4640, 125055]
547	[96815, 547]
553	[553, 159333, 246615]
8745	[8745, 294059]
8746	[8746, 108088]
4651	[4651, 77347]
8748	[103097, 8748]
8749	[160165, 8749]
560	[560, 286807]
4656	[4656, 55491]
561	[561, 275618]
8753	[8753, 141173]
563	[563, 279787]
4660	[4660, 42240]
4661	[245906, 4661]
4662	[4662, 142085]
8758	[223392, 29005, 8758]
8759	[275454, 319089, 8759, 144231]
4664	[4664, 97020]
569	[569, 237425]
570	[246687, 570]
571	[314807, 571]
572	[572, 251855]
8765	[8765, 51735]
575	[575, 229650]
4672	[121654, 4672, 246368]
8768	[248463, 8768]
578	[578, 140390]
4674	[4674, 243485]
579	[579, 67578]
581	[328803, 325932, 581]
4679	[78189, 179187, 272300, 4679, 243051]
8775	[8775, 279293]
584	[584, 101159]
586	[586, 89859]
587	[250284, 587]
588	[588, 268693, 203370]
4684	[4684, 270876]
8782	[196536, 8782]
592	[156976, 592]
594	[594, 124536]
4691	[4691, 285422, 148578]
596	[596, 267697]
4695	[106220, 4695]
4698	[137288, 4698]
8799	[118155, 8799]
608	[251026, 608]
8802	[8802, 139782]
611	[32786, 611, 118471]
613	[250960, 613]
4709	[154132, 4709, 194671]
8805	[109023, 8805]
614	[614, 220830]
4711	[4711, 160095]
8809	[8809, 220815]
618	[15325, 618]
4714	[262432, 296125, 217626, 4714]
8810	[8810, 280795]
4715	[257589, 4715]
4716	[4716, 122210]
621	[621, 161033]
8813	[8813, 297253]
4718	[4718, 296181, 245331]
623	[623, 114832]
4719	[58417, 4719]
4720	[4720, 150253]
8819	[8819, 187351]
4724	[31817, 322139, 23159, 4724]
4725	[141680, 107220, 4725]
4726	[274850, 4726]
4727	[4727, 181589]
8825	[8825, 108968]
8826	[8826, 166365]
4734	[134198, 4734]
639	[189397, 117431, 193925, 639, 129172]
4735	[71547, 4735, 18009]
640	[7044, 640]
8832	[8832, 186907, 155918]
642	[151051, 642]
8835	[8835, 181957, 171816]
4740	[252311, 4740, 44926, 140902]
4742	[160458, 4742]
4743	[4743, 42845]
648	[307210, 648]
8840	[8840, 11545]
652	[652, 142765]
4748	[13882, 4748]
8844	[8844, 79463]
653	[653, 78109]
8846	[8846, 191711]
8847	[8847, 199910]
8848	[138322, 8848]
4753	[133575, 4753]
8849	[58870, 8849]
8851	[8851, 158683]
4757	[4757, 134627]
8854	[250253, 8854]
4759	[289032, 4759]
4760	[140032, 4760, 172794]
8856	[8856, 317910]
665	[665, 309103]
8857	[219437, 8857, 259500, 139424]
8858	[8858, 199239]
669	[217831, 239737, 669]
4766	[4766, 60838]
8863	[8863, 151729]
4768	[4768, 322213]
8867	[8867, 304378]
678	[678, 150797]
8871	[8871, 304338]
4776	[251189, 4776]
682	[682, 296237, 152045]
4783	[4783, 327048]
8879	[19358, 8879, 42607, 267592]
688	[108448, 688]
4784	[5431, 4784, 221450]
8880	[8880, 237025, 77090]
691	[106188, 691]
694	[694, 176590, 45129]
697	[697, 96610, 66538, 98698]
8890	[272608, 8890, 230503]
699	[699, 22441]
4795	[179078, 4795]
8891	[8891, 237902]
700	[213584, 700]
8893	[8893, 146961]
704	[704, 67428]
8896	[8896, 237140]
705	[11317, 7495, 137339, 705]
707	[6909, 707]
710	[710, 217155]
4806	[4806, 68116]
8902	[8902, 201170]
712	[712, 21823]
713	[261971, 713]
4809	[4809, 75655]
4810	[4810, 182293]
8907	[8907, 93966]
718	[135871, 718]
8910	[8910, 27402]
4815	[4815, 330049]
8911	[255632, 8911]
720	[254756, 720, 70724]
8912	[189609, 8912]
4817	[4817, 33312]
8914	[27891, 8914]
725	[68290, 725]
726	[726, 213499]
4822	[4822, 141769]
8921	[33695, 8921]
4829	[4829, 289525]
8925	[68800, 236269, 8925]
4832	[267516, 4832]
739	[92450, 739]
8932	[230155, 8932]
741	[235806, 741]
4839	[4839, 186078]
744	[163857, 170662, 53541, 744]
8936	[59356, 8936]
4841	[4841, 40840]
8937	[43257, 253799, 207519, 8937]
746	[746, 25668]
8938	[182390, 8938]
747	[276848, 747]
8939	[8939, 15735]
4844	[265398, 4844]
8940	[247045, 8940]
4846	[4846, 233933]
751	[23725, 751, 159530]
4847	[87007, 4847]
752	[145830, 752]
754	[74966, 754]
4850	[4850, 22961]
8946	[283745, 8946]
4851	[4851, 177870]
8947	[233398, 8947]
8950	[15035, 8950]
8955	[8955, 15912]
765	[765, 177505, 50227]
4862	[29142, 4862]
768	[251929, 768]
4865	[15590, 4865]
4866	[124600, 4866]
8962	[8962, 226283]
8963	[259062, 8963]
8964	[8964, 154126, 31144, 18381, 302860]
4872	[4872, 123561]
8968	[8968, 287449]
777	[330130, 777]
8969	[94051, 8969]
8970	[8970, 317636]
779	[779, 107075]
781	[781, 180686]
8973	[8973, 208613]
782	[782, 155713]
4878	[69846, 94393, 4878]
783	[783, 258224]
8975	[8975, 54097]
785	[785, 295241]
8979	[8979, 52789]
4884	[4884, 286020]
8981	[8981, 115235]
8984	[101718, 8984]
794	[794, 334229]
8986	[8986, 170395]
796	[796, 27950, 31954]
797	[328708, 797]
8991	[8991, 294875, 172960]
800	[800, 159807, 99424, 93846]
801	[254973, 801]
4897	[185722, 4897]
4898	[208332, 328485, 4898]
8995	[316582, 8995, 250903, 307730]
805	[157633, 31616, 805]
816	[124197, 816]
4913	[32593, 4913]
9009	[9009, 93284]
819	[819, 40652, 51068]
820	[820, 233203]
9012	[222096, 9012, 110057, 231598]
823	[823, 316137]
9015	[9015, 29271]
826	[826, 16370]
4922	[235363, 4922, 118738]
828	[228653, 828]
4924	[329635, 4924]
4925	[4925, 104457]
4926	[4926, 250579]
831	[831, 283484]
834	[66386, 834]
9026	[9026, 73445, 152893]
4931	[22691, 4931]
4932	[4932, 205304]
9028	[334486, 9028]
837	[837, 120934]
9030	[283487, 42655, 9030]
841	[258084, 841, 61918, 143084]
4937	[4937, 122678]
843	[843, 7063]
4939	[247818, 4939, 182184, 258111]
9035	[9035, 305236]
844	[95236, 844, 33605, 271715]
4941	[254189, 4941]
846	[855, 846]
9042	[80222, 9042]
851	[851, 271659]
9043	[9043, 299660]
4948	[328946, 4948]
4950	[110550, 4950, 328850]
4951	[74027, 4951]
858	[286428, 858]
859	[283988, 859]
4961	[93860, 182404, 4961]
867	[50075, 96412, 867]
4963	[330566, 4963]
871	[871, 252121]
4967	[328268, 4967]
872	[872, 180872]
873	[873, 315828]
874	[160438, 874, 247305, 111192]
4973	[271432, 4973]
4974	[54834, 4974]
4975	[17181, 4975]
883	[182027, 883, 300447]
886	[886, 226473]
888	[134248, 88290, 888, 114093]
891	[891, 270648]
4993	[4993, 15548]
898	[81753, 898]
899	[229355, 899]
900	[80596, 900]
901	[159165, 901]
4998	[156983, 4998]
5000	[300336, 129222, 5000]
5001	[5001, 14400]
906	[282060, 906]
5005	[229644, 5005]
5007	[294758, 127612, 5007]
912	[142166, 912]
5008	[240729, 146839, 5008, 35729, 155806]
913	[913, 106814, 257085]
5009	[142018, 5009]
5010	[273461, 5010]
5011	[5011, 212912]
5012	[5012, 182305]
919	[919, 334210]
920	[920, 98796]
922	[25094, 922]
5018	[331192, 5018]
5021	[5021, 45317, 162165]
5022	[233093, 5022]
927	[111128, 5536, 927]
5025	[234392, 307718, 5025, 150002]
5027	[215450, 5027]
5028	[5028, 328026]
5029	[5029, 151112]
934	[255344, 934]
937	[256111, 937]
5035	[226784, 5035]
5036	[210484, 5036, 98247]
5037	[5037, 44360]
943	[943, 101574]
5039	[5039, 41700]
944	[944, 50745]
945	[137701, 945]
5043	[5043, 104017]
5046	[5046, 323932]
5047	[17312, 5047]
5049	[318682, 169901, 5049]
5059	[5059, 320136]
966	[150348, 966]
5062	[46982, 5062]
967	[122985, 131864, 230165, 967, 148565, 314698]
970	[311961, 970]
5071	[5071, 231225]
5073	[221920, 5073]
5074	[5074, 181651]
979	[170887, 979]
980	[980, 269476]
5076	[5076, 29841, 110727]
986	[986, 198695]
5084	[51353, 5084]
5085	[5085, 120249]
991	[991, 333588]
5087	[27660, 5087]
992	[992, 47024, 331454]
5094	[331143, 125425, 160145, 129084, 5094]
999	[999, 163760]
5095	[329858, 5095]
1000	[76907, 1000]
5098	[330948, 5098]
1004	[146994, 1004]
5101	[5101, 166336, 17855]
5104	[287432, 5104, 44093]
5105	[44425, 289598, 139416, 11481, 224497, 175955, 5105, 283075]
1012	[1012, 201548]
5113	[5113, 216944]
1018	[1018, 242707]
5115	[123973, 5115]
1020	[150774, 1020]
5116	[5116, 121822]
1022	[1022, 201799]
5118	[21697, 5118]
1024	[1024, 334137]
1026	[1026, 191331]
5122	[5122, 100482]
1027	[1027, 140188]
5124	[5124, 127326]
1029	[1029, 72566]
5125	[312247, 5125]
5127	[208197, 5127]
1032	[1032, 9372]
5129	[5129, 9817]
5130	[5130, 8853, 17353]
1035	[112801, 294317, 1035]
5137	[297504, 5137]
5138	[5138, 307646]
5142	[5142, 285304]
1048	[1048, 320089]
5144	[5144, 107763]
1050	[62456, 1050]
1053	[229020, 1053]
5151	[5151, 69734]
1056	[40300, 1056]
1059	[1059, 271475]
5157	[133404, 5157]
1062	[31850, 1062]
5158	[136877, 247829, 166824, 5158]
5159	[233607, 5159]
1069	[1069, 198102, 188576]
1070	[60779, 1070]
5166	[5166, 110894]
1075	[1075, 332786]
5172	[137857, 5172]
5174	[5174, 26123]
5177	[5177, 46621]
5181	[5181, 43758]
5184	[5184, 219167, 267969]
1092	[70211, 1092]
1093	[287809, 103411, 1093]
1094	[40906, 100396, 1094]
5192	[314504, 233585, 5192]
1100	[29774, 1100]
5199	[5199, 16068, 116356, 154471, 42767]
1104	[1104, 199665]
5200	[190076, 290995, 5200]
1109	[233773, 1109]
5208	[84333, 5208]
1113	[152669, 1113, 283672]
5209	[127089, 5209, 125947]
5214	[66443, 5214]
1120	[35696, 1120]
5217	[85082, 7132, 135786, 5217, 103945]
1122	[134988, 267977, 1122]
5220	[305052, 5220, 64041]
1125	[281119, 1125]
1128	[1128, 136077]
1130	[1130, 304761]
1134	[1134, 52126]
5231	[5231, 90895]
5233	[5233, 13483]
1138	[1138, 94018]
1143	[220098, 1143]
1144	[1144, 33570]
5241	[5241, 228201]
1148	[1148, 224733]
5245	[5245, 44069]
1151	[1151, 195178]
5248	[177029, 5248]
5249	[116315, 5249]
5251	[5251, 124599]
1156	[1156, 271439]
5254	[137209, 5254]
1159	[1159, 88172]
1160	[1160, 314288]
5256	[5256, 271867]
5258	[5258, 214579]
5261	[5261, 215261]
1170	[172584, 1170]
5266	[301059, 5266]
5272	[5272, 95724]
1179	[1179, 312418]
1181	[12746, 287897, 1181]
5277	[5277, 269184]
1184	[238014, 32572, 1184]
1185	[1185, 63812]
1187	[1187, 7979]
5285	[5285, 114782]
1190	[1190, 191078]
1191	[285469, 1191]
5290	[40479, 5290]
1196	[1196, 145803]
1198	[1198, 88561]
5294	[5294, 84301, 114412]
5297	[177481, 5297]
5298	[5298, 95980]
5299	[84955, 5299]
1205	[1205, 135480]
1206	[1206, 288007, 261698]
5302	[253347, 5302]
5303	[308563, 5303]
1208	[213675, 1208]
1209	[318077, 1209]
5311	[308673, 5311, 181737, 292360]
5317	[284530, 5317]
1223	[1223, 214508]
5321	[5321, 222619, 168419]
5328	[35321, 5328]
1236	[166928, 1236]
5332	[5332, 132510]
1237	[1237, 237684, 11004]
1238	[1238, 15410]
1239	[1239, 39237]
5339	[11999, 5339]
1245	[1245, 31865]
1248	[1248, 231008]
1251	[249973, 1251]
5347	[5347, 208148]
5348	[130808, 5348]
1255	[255976, 1255]
1258	[1258, 33060]
5354	[5354, 323959]
1259	[1259, 164961]
5356	[5356, 219880]
1267	[1267, 54778]
5363	[5363, 246621]
1271	[262764, 1271]
1272	[114283, 1272]
1278	[87151, 1278]
1279	[1279, 254575, 265604]
5376	[5376, 329400]
1281	[257911, 1281]
1285	[237163, 1285]
1287	[110090, 1287]
5383	[5383, 28914]
5384	[5384, 295680]
1290	[255987, 1290]
5386	[5386, 130767]
1291	[213808, 161129, 1291]
1292	[282249, 1292]
5388	[201040, 5388, 250809, 216371]
1295	[73029, 1295]
5391	[116551, 5391]
5392	[293410, 5392]
1299	[1299, 29510]
1301	[1301, 27679]
5402	[60943, 5402]
1307	[156747, 1307]
1311	[1311, 151512, 209999]
5407	[241691, 5407]
1312	[1312, 283688]
1315	[334112, 1315]
5411	[5411, 168200]
5415	[189908, 5415]
1320	[69415, 1320, 9196]
1321	[1321, 144885]
5417	[211240, 5417]
1322	[1322, 300756]
5418	[229018, 91747, 5418]
1323	[1323, 316529]
1324	[261250, 1324, 126134]
1326	[1326, 177961]
5423	[5423, 200633, 249284]
5424	[110394, 5424]
1331	[60323, 1331]
1332	[1332, 236504]
5428	[282932, 154688, 5428]
1333	[280411, 1333]
5434	[271629, 22418, 5434]
1340	[1340, 140019]
5436	[12726, 303999, 202284, 5436]
1346	[1346, 238549]
1349	[1349, 274943]
1350	[157845, 1350]
1352	[280003, 1352]
5448	[96280, 5448]
5454	[5454, 322106]
1359	[1359, 69411, 300363]
1362	[1362, 236194]
1363	[46200, 1363]
5459	[5459, 117617]
1368	[1368, 31340]
1370	[1370, 121280]
1372	[1372, 146132]
5468	[92421, 5468]
1373	[109207, 1373]
1374	[79169, 323062, 1374]
5470	[5470, 35787, 46279, 140331, 296369, 231463]
5472	[5472, 91605]
5478	[55189, 5478, 42634]
1383	[110521, 1383]
1384	[59830, 1384]
5480	[256302, 170546, 5480]
1385	[1385, 195110]
5487	[5487, 305598, 265262]
1393	[173266, 1393]
5489	[5489, 148276]
1395	[317570, 1395]
5493	[5493, 208925]
1399	[181667, 1399]
5495	[5495, 145185]
1400	[332056, 1400]
5497	[5497, 75003]
1402	[1402, 112440]
5499	[5499, 152970]
1404	[1404, 185864]
1406	[120803, 1406]
1407	[161244, 1407]
1410	[1410, 184904]
1412	[1412, 196604, 238509]
5508	[5508, 188929, 230603]
1414	[1414, 228944]
1416	[296949, 205084, 1416]
1417	[181035, 1417]
5514	[5514, 46946]
1419	[318371, 1419]
1425	[1425, 174859, 246265]
1427	[210206, 1427]
5523	[5523, 313892]
5525	[5525, 24702]
1430	[1430, 108158, 271765]
1432	[121258, 1432]
1433	[1433, 251703]
5535	[5535, 159774]
1443	[272283, 1443]
1445	[1445, 272239]
1446	[1446, 146954]
5542	[5542, 188731, 191018]
1452	[1452, 99102]
5548	[5548, 194761]
1454	[149837, 1454]
5550	[5550, 273795, 149289]
1457	[1457, 19584]
5553	[5553, 85145]
1458	[1458, 211814]
1462	[311865, 1462]
5559	[62511, 5559]
5563	[5563, 264505]
1468	[1468, 44861]
5566	[5566, 333831]
1471	[189915, 1471]
5567	[5567, 301014]
1473	[156416, 1473]
5569	[50391, 5569]
5575	[5575, 70372]
1482	[299831, 1482]
5578	[142666, 5578]
1489	[1489, 73158]
5585	[5585, 59320]
1493	[134788, 1493]
1495	[1495, 87028]
5594	[5594, 180597]
1500	[85834, 1500, 89329, 151918, 123291, 207503]
1503	[1503, 63175, 299361]
1511	[1511, 117865]
5609	[5609, 129310, 87950]
5610	[310973, 230144, 334791, 5610, 48916]
5612	[166680, 5612]
5613	[184536, 5613]
1519	[228049, 1519]
5615	[191657, 301068, 5615]
1520	[1520, 233458]
1521	[41120, 277464, 1521, 266242]
5617	[202911, 5617]
1522	[54134, 1522, 6792, 204220, 8901]
1524	[1524, 29450, 67434]
5620	[5620, 74046, 302300]
5621	[5621, 26104]
1532	[1532, 223989]
5629	[5629, 141645]
1535	[1535, 133810, 259684]
1536	[1536, 322449]
5633	[314294, 204728, 5633]
5635	[127488, 5635]
5636	[5636, 304881]
5637	[275659, 5637]
1546	[1546, 278992]
1549	[286187, 249183, 1549, 224789]
5645	[5645, 30105]
5646	[5661, 5646, 51206]
5647	[27685, 5647]
1552	[1552, 191445, 24315]
5649	[89698, 5649]
5650	[333494, 252554, 5650]
1555	[1555, 70788, 328462]
5653	[5653, 20637]
1558	[1558, 171861, 292290, 6732, 313719]
5656	[73108, 5656]
1562	[1562, 140070, 232952]
1563	[1563, 313970]
5659	[5659, 329568]
1566	[1566, 73403, 306421]
1568	[1568, 36078]
5667	[221364, 5667]
1572	[1572, 100474, 196421]
1573	[111338, 1573]
5669	[199819, 5669]
1574	[56027, 1574]
5672	[109139, 5672]
5673	[255911, 5673]
5675	[275023, 314722, 253099, 5675]
5676	[96181, 5676]
1583	[292575, 1583, 188401]
1584	[1584, 53645]
1585	[185716, 1585]
1586	[1586, 77931]
5683	[5683, 180423, 82806, 86277]
1592	[282435, 1592]
5690	[5690, 82920]
5691	[5691, 306791]
5692	[224372, 5692]
1599	[40806, 1599, 3906]
5695	[309860, 243952, 5695, 240534]
5704	[142524, 5704]
1609	[1609, 124394]
5705	[292313, 168857, 5705]
1610	[1610, 44835]
5707	[5707, 122568]
5708	[93873, 5708, 220083]
1614	[138532, 1614]
5712	[324833, 5712]
1617	[34976, 1617]
1618	[9694, 1618]
5715	[50292, 5715]
5716	[77888, 5716]
5717	[5717, 202138]
1622	[1622, 305534]
1623	[1623, 234827]
1625	[19563, 1625]
5721	[5721, 328379]
1627	[17720, 1627]
5725	[276975, 5725]
1630	[1630, 117989]
5728	[5728, 17981, 257636, 5752, 17976]
5730	[258338, 5730]
1638	[1638, 267905]
1642	[1642, 143153]
5738	[320465, 5738]
1644	[1644, 93748]
1645	[1645, 168049]
5742	[110611, 5742, 198012]
1648	[1648, 45408]
5745	[208189, 5745]
5747	[5747, 146296]
1654	[296937, 1654, 147396]
1655	[1655, 234763, 29240]
5751	[154013, 5751]
1657	[1657, 47560]
1658	[288899, 3951, 110967, 1658]
1659	[231725, 1659]
1660	[94225, 1660]
1663	[221309, 1663]
1664	[1664, 201524, 200137]
1665	[63828, 1665]
1668	[1668, 33470]
5764	[224706, 5764]
1670	[75382, 1670]
1674	[1674, 247657]
5770	[5770, 38743, 160035]
5775	[32872, 5775]
1685	[1685, 260049]
1689	[1689, 292947]
1692	[1692, 260587]
5790	[322574, 5790, 137511, 32739]
5793	[5793, 193145]
1702	[210750, 1702]
5798	[5798, 184729]
1703	[278178, 1703, 313356]
1707	[245071, 88722, 1707]
1708	[217122, 1708]
5804	[208638, 5804]
5805	[5805, 316669]
5806	[5806, 17511]
1711	[1711, 283893]
5808	[5808, 117764]
5809	[5809, 178752]
5810	[27865, 5810]
1716	[192211, 1716]
5813	[332265, 5813]
5814	[302304, 5814]
5816	[5816, 121993]
1722	[1722, 69354]
5818	[5818, 126773]
5821	[197726, 5821]
1726	[119448, 1726]
1728	[1728, 114802]
1729	[282556, 1729]
5826	[145322, 5826]
5831	[13196, 5831]
5833	[226189, 5833]
1740	[1740, 113368]
5838	[5838, 326630]
1745	[1745, 329632]
5843	[333471, 5843]
5849	[5849, 116412, 333400]
1754	[1754, 41271]
5850	[61039, 5850]
1760	[118501, 1760]
1763	[1763, 43321]
1765	[1765, 206032]
1766	[1766, 87724, 331368]
1767	[1767, 166180]
5863	[5863, 5865, 5867]
1768	[255863, 1768]
5868	[5877, 5868]
1774	[158962, 1774, 26497]
5882	[5882, 224090]
5886	[133920, 5886, 11325]
1791	[1791, 271888]
5890	[257835, 5890]
5891	[171389, 5891]
1796	[1796, 90324]
1797	[1797, 88512]
5894	[5894, 113690]
5897	[5897, 324067]
1802	[231175, 1802]
5900	[209027, 5900]
5901	[316340, 261534, 5901]
5904	[5904, 36251]
1811	[1811, 42051]
5908	[5908, 217380]
1815	[163051, 28157, 45394, 1815]
5913	[145177, 5913]
1818	[39340, 1818, 136033]
5918	[5918, 311195]
1823	[116911, 1823]
5920	[5920, 187711]
5921	[5921, 50379]
1830	[1830, 151284]
5926	[5926, 198851]
5929	[5929, 310329]
5932	[205783, 5932, 84365]
5933	[205150, 5933]
5936	[257870, 5936]
5939	[5939, 317827]
1844	[1844, 322674]
5942	[319981, 5942, 189872]
1847	[1847, 241129]
5943	[261224, 5943]
5944	[278295, 5944]
5945	[52462, 42012, 207892, 5945, 126706]
1850	[1850, 187748]
5947	[331440, 5947]
5949	[5949, 5951]
1854	[1854, 297434, 113175]
1855	[1855, 3046, 118361]
1857	[285083, 297002, 1857, 4803]
5954	[125349, 5954]
1859	[1859, 144928]
1860	[1860, 269475]
5957	[18164, 5957]
1862	[1862, 193849]
1863	[1863, 295774]
5959	[5959, 53696]
5960	[5960, 219958]
1869	[107027, 1869]
1872	[1872, 322238]
1873	[196669, 1873]
1874	[1874, 282416]
1875	[1875, 228177]
5971	[168755, 5971]
5974	[103533, 5974]
1879	[244589, 1879]
1880	[176351, 234283, 1880]
5979	[61214, 280254, 5979]
5980	[32886, 5980]
1885	[1885, 20062]
5981	[5981, 252615]
5987	[5987, 88464]
1893	[1893, 266760]
1895	[1895, 12521]
1896	[1896, 166023]
1897	[1897, 60418]
5993	[239111, 5993]
1898	[1898, 102965, 246844]
1899	[1899, 117985]
5997	[81841, 5997]
5998	[327714, 5998]
1906	[144750, 1906]
6002	[6002, 163686, 57330]
6007	[277872, 6007]
1912	[118225, 1912]
6012	[6012, 163125]
6015	[260053, 6015]
6019	[120400, 254014, 6019]
6020	[6020, 192709]
6024	[6024, 40089]
1929	[326866, 1929]
6025	[6025, 139201]
1931	[1931, 259595]
6027	[300974, 6027]
6028	[143093, 6028]
1933	[2070, 163796, 211178, 1933]
1935	[160687, 1935]
6032	[6032, 132658]
6033	[6033, 107904]
1939	[301229, 1939]
6035	[197999, 6035]
6044	[6044, 266382]
1949	[1949, 183454]
6045	[6045, 137847]
1953	[1953, 12776]
6049	[6049, 85740]
1956	[19495, 1956]
6052	[109536, 6052]
1957	[1957, 300362]
6055	[6055, 223947]
6056	[240223, 6056]
1963	[330283, 1963]
1965	[1965, 15283, 201849, 237857]
1967	[207575, 1967]
6073	[106397, 6073]
6074	[182291, 6074]
6075	[6075, 49553]
1982	[1982, 221445]
6078	[6078, 283048]
1984	[1984, 315488]
1988	[75874, 95045, 206674, 1988]
6084	[21138, 6084]
1989	[186825, 1989]
6086	[6086, 235668]
1991	[141982, 305504, 268744, 1991, 194390, 48179]
1993	[1993, 199554]
6093	[292217, 218657, 83832, 6093, 289453]
1998	[1998, 222941]
6095	[131699, 101905, 320280, 6095]
2000	[2000, 180583]
6100	[6100, 252023]
6101	[192036, 6101]
2006	[2006, 187854]
6105	[6105, 54704]
2010	[50580, 2010]
6106	[6106, 104656]
6107	[6107, 279085]
2014	[159602, 2014]
2016	[2016, 197360]
6114	[6114, 149466]
6116	[6116, 220772]
6117	[6117, 324530]
2022	[245464, 2022]
6120	[6120, 37331, 105753]
2033	[140279, 2033]
2034	[312988, 2034]
2035	[2035, 83175]
6133	[6133, 152171]
2040	[258771, 2040]
6137	[138129, 6137]
2047	[158587, 2047]
2053	[2053, 69759]
6149	[220714, 6149, 212303]
2054	[2054, 150452]
2055	[304779, 2055]
2056	[65990, 2056]
2057	[142336, 2057]
6155	[6155, 92119, 69253]
2063	[39263, 133763, 2063]
2069	[2069, 204791]
6166	[6166, 290163]
6172	[312727, 6172]
2077	[4521, 2077, 251305]
6173	[292862, 6173]
2081	[2081, 286498, 140930]
2083	[111432, 2083]
6179	[66211, 6179]
2084	[263495, 2084]
6181	[6181, 268906]
2086	[2086, 12234]
2089	[2089, 162063]
6187	[98040, 6187]
6188	[6188, 229715]
6190	[215895, 6190]
2098	[2098, 52958]
6196	[6196, 272183]
6197	[6197, 277101]
6203	[6203, 146403]
2108	[2108, 329760, 93309, 326896]
2110	[119155, 2110]
6209	[198132, 6209]
6210	[6210, 176981]
2117	[2117, 80389]
6214	[6214, 189805, 262061]
2121	[2121, 123283]
2122	[173019, 2122]
6219	[311229, 6219, 19019]
6221	[6221, 105289]
2126	[93850, 2126]
6222	[54791, 6222]
6224	[284769, 6224]
6225	[6225, 262091]
2131	[2131, 70296]
6227	[6227, 230715]
6233	[6233, 24870]
2138	[138705, 2138, 302794]
6236	[330547, 6236]
2143	[2143, 45250]
6239	[190536, 6239]
6244	[6244, 175099]
2149	[2149, 286389]
2150	[116094, 2150]
6246	[6246, 161918]
2152	[2152, 319324]
6249	[328904, 6249]
2155	[2155, 328893]
2156	[2156, 202569]
6252	[6252, 185427]
2160	[203657, 2160]
6258	[32435, 6258, 103169]
2163	[310802, 2163]
2166	[2166, 138279, 275917]
2167	[245576, 2167]
6270	[6270, 7827]
6274	[6274, 311268]
6279	[6279, 196143]
6280	[200075, 6280]
2189	[2189, 89399]
2190	[2190, 191007]
2193	[243157, 2193]
2194	[177081, 2194]
2195	[196056, 2195]
6291	[288256, 6291]
2197	[87936, 289179, 2197]
2198	[2198, 189399]
6294	[78540, 6294, 167473]
6299	[6299, 301310]
2207	[2207, 39320]
6305	[138821, 6305]
2214	[2214, 131003]
2216	[2216, 322346]
2218	[2218, 267547, 166065]
6314	[22170, 310602, 6314]
2219	[142947, 2219]
2220	[73665, 2220, 247901]
6316	[327784, 6316]
6318	[322010, 6318]
2223	[2223, 297245]
2228	[2228, 154435]
6324	[6324, 6347, 258409]
6325	[53420, 6325, 116446, 16529]
2235	[11082, 2235]
6331	[6331, 76024]
6334	[52136, 6334, 99843]
6337	[75290, 6337]
2242	[2242, 92109]
6338	[6338, 218859]
6341	[6341, 276533]
2247	[2247, 320747]
6343	[6343, 147494]
2249	[2249, 198570]
6346	[6346, 198520]
2253	[109578, 2253]
2255	[2255, 92693]
2257	[298370, 2257]
6358	[11438, 6358, 27798]
6361	[6361, 144563]
6364	[6364, 201909]
6365	[6365, 289083]
6366	[111316, 282945, 6366, 26756]
6373	[6373, 222439]
2279	[2279, 34944]
6376	[274341, 6376]
6379	[49656, 6379]
6380	[6380, 247824]
2286	[21236, 2286]
6382	[124473, 6382]
6384	[6384, 24528, 80341, 243805]
2291	[160343, 2291]
2292	[49821, 27397, 2292]
6390	[47588, 6390]
2295	[247742, 2295]
6391	[168679, 67710, 6391]
6393	[35300, 6393]
2299	[2299, 43729]
2300	[67310, 2300]
2301	[2301, 6876, 86278, 231411, 56936]
6397	[6397, 320226]
2305	[2305, 167154]
2306	[2306, 192735]
2308	[3179, 170798, 2308]
6407	[261472, 6407]
6410	[97208, 34667, 147803, 6410, 236246, 107138, 301823, 222852]
2316	[261692, 2316, 98533]
6412	[74934, 6412]
2320	[178285, 2320]
6417	[78013, 6417]
2322	[2322, 215814]
6419	[113328, 6419]
2325	[263463, 291547, 31247, 16086, 2325, 56338, 2351, 149164]
6421	[194510, 6421, 316986]
6422	[248751, 6422]
2327	[2327, 287060]
6423	[21397, 6423]
6424	[59933, 134256, 6424, 118190, 67813]
6426	[54035, 6426]
2334	[102011, 2334]
6430	[221625, 6430]
6437	[182399, 6437]
2345	[20697, 2345, 306653]
2346	[2346, 40625]
6442	[6442, 283874, 28952]
6449	[181453, 6449]
6450	[6450, 82592]
2355	[2355, 65590]
6451	[6451, 130150]
2356	[164020, 2356, 201979]
2357	[2357, 202589]
2358	[2358, 14153, 313560]
6455	[147988, 7763, 6455]
2362	[161908, 2362]
6459	[122783, 6459]
6461	[6461, 242996]
6462	[6462, 44662]
6474	[6474, 32188]
6475	[6475, 282707]
6477	[6477, 76237]
6478	[6478, 241395]
2383	[2383, 151493]
6479	[36255, 6479]
6480	[206547, 80440, 6480]
2386	[59600, 2386]
2387	[285397, 2387, 182563]
6483	[6483, 242435]
6484	[6484, 19989]
2389	[95933, 2389]
2390	[205654, 2390]
2391	[266369, 2391]
6488	[82575, 15992, 57752, 6488]
2393	[2393, 210404]
2394	[286316, 2394]
6493	[6493, 251903]
2398	[259735, 2398]
6494	[6494, 228476]
2401	[2401, 192729]
6497	[6497, 59348]
6498	[6498, 297378]
6503	[224248, 6503]
2408	[162933, 2408]
6507	[174996, 6507]
6512	[89185, 6512, 209448, 180000]
2417	[225569, 127157, 2417]
2418	[2418, 331741]
6515	[305670, 6515]
6516	[197526, 141850, 6516]
6520	[6520, 17958]
6523	[6523, 49782]
2431	[110830, 2431]
6528	[16730, 6528]
2437	[2437, 106713]
6540	[68268, 6540, 49146]
6541	[6541, 310905, 206721]
6542	[6542, 44363]
2447	[2447, 108343]
2448	[2448, 275273]
6546	[6546, 304661]
2451	[2451, 304015]
6548	[315636, 6548]
6550	[6550, 260398]
6552	[6552, 26099]
6553	[332372, 6553]
2458	[76819, 2458]
6557	[7147, 6557]
6558	[181526, 6558]
2463	[122047, 2463, 3034]
2464	[2464, 131029]
2466	[2466, 6555, 245772]
6562	[6562, 312647]
2467	[2467, 32068]
6567	[6567, 132329]
2472	[2472, 61930, 12766]
6569	[78300, 6569]
2475	[172578, 2475]
6571	[6571, 252525]
6574	[55685, 6574]
2480	[334364, 2480]
2481	[334627, 2481]
2484	[32311, 2484, 284497, 211116]
6581	[6581, 138817]
2486	[74716, 2486]
2488	[2488, 16823]
6585	[133655, 6585]
2490	[46525, 2490]
2493	[2493, 285272]
2494	[165250, 2494]
2495	[2495, 208750, 82562]
6591	[216025, 6591]
2498	[2498, 242584]
6594	[6594, 173964]
2500	[2500, 285270]
2502	[2502, 267286]
2506	[57205, 2506]
6604	[40225, 6604]
6605	[152511, 6605]
2510	[2510, 185062]
2512	[2512, 186268]
6610	[299893, 178771, 6610]
6611	[131004, 6611]
6613	[289305, 6613]
6616	[247731, 6625, 6616]
6619	[6619, 46399]
2524	[2524, 68536]
2526	[2526, 151784]
2527	[137052, 2527]
6629	[23301, 6629]
6630	[6630, 186761]
6631	[6631, 304775]
6632	[6632, 298037]
2539	[110158, 259468, 2539]
2540	[291735, 2540, 325223]
6638	[260401, 6638]
2543	[2543, 202407]
6639	[239421, 6639]
2544	[2544, 191988]
6643	[60589, 6643]
2548	[2548, 249256]
2550	[2550, 74220]
6647	[72368, 6647]
2552	[2552, 37208]
2555	[2555, 152530]
6652	[6652, 40740]
6653	[108954, 6653]
2559	[2559, 49728]
2560	[8468, 2560]
2561	[199913, 2561]
6659	[222129, 6659]
2564	[2564, 25029]
6660	[6660, 168749]
6664	[280235, 6664, 248998]
2571	[56346, 2571]
6668	[171481, 6668]
2573	[2573, 21634]
6669	[220690, 6669]
2575	[2575, 306436]
2576	[295316, 2576, 6464]
2580	[91375, 2580]
2581	[2581, 177584]
2582	[135487, 110012, 2582]
6682	[194555, 6682]
2587	[2587, 8755, 133493, 317679, 2869]
2591	[288600, 2591]
2593	[120804, 2593, 120240]
6689	[37465, 6689]
2594	[252587, 10925, 15673, 2594, 134703]
2597	[2597, 14896, 126365, 91271]
2598	[201276, 2598, 43988, 294561]
2599	[2599, 275315]
6696	[6696, 50145]
6698	[169998, 6698]
2603	[2603, 65700]
6699	[6699, 165223]
2605	[289447, 2605]
6702	[6702, 332312]
6703	[168874, 6703]
6704	[6704, 245856]
2610	[2610, 158866, 179758, 61701]
6707	[6707, 187897]
6709	[6709, 272853, 8180]
6711	[276343, 6711]
6712	[43330, 6712]
6713	[53053, 6713]
2621	[2621, 209513]
6719	[6719, 203196]
6720	[6720, 170320]
2625	[2625, 221237]
6721	[6721, 198765]
2626	[305584, 2626]
2628	[25052, 137299, 309743, 2628]
6728	[120168, 6728]
2635	[323597, 2635, 182714]
6733	[230450, 6733]
2639	[115234, 127113, 2639]
6736	[54510, 6736]
2642	[2642, 311054, 41095]
6739	[322270, 6739]
2647	[2647, 268769]
6743	[6743, 137344]
2648	[330328, 2648]
2651	[291897, 2651]
6747	[161081, 6747]
2656	[2656, 263120]
2663	[230541, 265683, 2663, 33088]
6760	[6760, 255072]
6764	[6764, 210982]
6766	[94553, 6766, 138938]
2672	[2672, 244287, 8747, 262787]
2676	[196823, 77750, 2676]
2679	[207537, 2679, 308717, 2681]
6777	[6777, 331038]
6778	[82600, 259823, 247553, 6778]
6779	[235553, 6779, 247558]
2685	[2685, 283906]
6781	[6781, 253380]
6782	[6782, 317249]
2690	[184271, 2690]
2693	[3705, 2693, 216361]
2695	[133673, 2695]
2699	[2699, 211093]
2700	[4371, 2700, 292971, 318762, 70593]
2702	[2702, 256344, 61684]
6799	[161752, 6799]
2705	[273335, 2705]
2707	[2707, 51503]
6807	[6807, 75661]
2714	[252411, 63843, 72176, 2714]
6811	[26494, 6811]
6812	[317082, 6812]
6813	[279455, 6813]
2718	[2718, 29799]
6814	[14047, 6814]
6818	[6818, 106224]
2723	[2723, 146125, 298239]
6819	[6819, 300018, 76159]
2726	[324945, 2726]
2727	[2727, 267383, 135042]
2729	[122059, 2729]
2730	[2730, 140333]
6827	[6827, 217943]
6831	[113299, 6831]
6842	[65610, 6842]
2750	[2750, 122827, 158880]
6846	[286147, 28765, 134551, 6846]
2751	[2751, 295098]
2752	[2752, 14712]
6848	[217723, 6848]
6849	[86465, 6849]
2754	[2754, 171857]
2755	[2755, 154236]
2762	[75802, 2762]
6859	[113358, 6859]
6863	[6863, 208242, 105062]
6864	[187691, 6864]
2770	[240197, 250624, 2770]
6866	[174420, 6866]
6867	[205212, 6867]
6868	[216444, 253693, 6868]
6869	[6869, 325453]
2776	[2776, 15658]
2777	[2777, 239091]
6873	[318430, 6873, 205087]
2778	[2778, 33048]
2780	[2780, 211226]
6877	[239682, 6877]
6881	[6881, 273048, 302686]
2787	[2787, 137762]
2790	[2790, 269719]
6886	[252342, 6886]
6888	[204203, 6888]
2794	[76631, 2794, 174218]
2800	[2800, 90351]
2801	[2801, 150910]
2803	[190237, 2803]
2804	[2804, 36416]
2806	[2806, 177486]
6905	[6905, 207799]
6906	[6906, 168975]
2813	[268711, 2813]
2818	[56633, 2818]
6917	[6917, 27831]
2822	[2822, 227239]
6919	[310178, 6919, 92680]
2825	[213859, 2825]
6921	[324638, 6921]
2826	[286999, 2826]
6924	[120194, 6924]
2830	[323289, 284736, 2830, 63003, 320069]
2834	[2834, 208990]
6930	[6930, 172084]
6932	[6932, 110943]
2837	[31292, 4778, 2837]
6935	[188557, 6935]
6936	[147668, 6936, 192650]
2841	[2841, 173502]
2846	[209429, 2846]
6942	[6942, 71990]
2849	[195644, 2849]
2852	[2852, 275272]
6949	[6949, 262697]
6950	[6950, 15401]
6953	[69015, 6953]
6954	[181554, 116200, 6954]
2867	[2867, 174850]
6964	[28829, 6964]
2870	[2870, 240317]
6966	[171977, 6966]
6967	[141379, 6967]
2872	[2872, 106827, 29308]
6968	[160787, 127534, 6968]
2874	[2874, 220464]
2877	[2877, 31826, 210998]
6984	[25176, 6984]
6985	[24814, 327122, 6985]
6987	[6987, 27138]
2892	[186349, 2892]
6990	[6990, 70980]
6992	[6992, 53941]
2899	[2899, 50487, 6060, 36293]
2900	[2900, 258648]
2904	[104839, 2904]
2905	[178637, 2905]
2906	[83066, 2906]
7002	[322991, 7002, 17628]
2907	[321283, 2907]
2908	[308309, 2908]
2909	[329496, 73434, 2909]
7005	[302445, 7005]
7006	[256635, 7006]
7007	[7007, 14367]
7008	[7008, 38507]
7011	[7011, 158041]
7013	[7013, 134115]
2919	[2919, 109978]
2920	[2920, 324679]
7018	[7018, 83261]
7021	[167684, 7021]
2930	[2930, 29798, 119837]
7027	[7027, 310570]
2933	[2933, 320321]
7034	[7034, 221145]
7036	[7036, 327884]
7038	[7038, 301250]
2943	[2943, 39663]
2947	[242453, 2947]
2952	[2952, 92394]
7049	[54585, 7049]
2954	[2954, 205269, 32990, 27478]
7051	[7051, 20437]
2958	[146035, 2958]
2959	[267118, 304295, 2959]
7055	[7055, 179647]
7056	[7056, 287679]
2962	[2962, 318059]
7059	[7059, 39865, 307763]
2965	[202761, 2965, 93553, 290744, 311803, 8957]
7067	[7067, 38523]
2975	[2975, 196314]
2978	[240163, 2978]
7074	[299790, 7074]
2980	[2980, 239834]
2982	[2982, 46219]
7082	[98480, 41557, 7082]
2988	[2988, 293450]
7085	[256892, 7085]
2992	[2992, 159834]
7091	[157578, 7091]
7093	[7093, 331602]
2999	[2999, 328842]
3001	[3001, 33291]
7098	[7098, 71037]
7099	[7099, 312004, 263516]
3004	[83327, 3004]
3005	[3005, 160412]
7102	[103581, 7102]
3007	[3007, 194739]
7103	[7103, 76879]
3009	[3009, 268847]
7109	[15690, 7109]
7110	[7110, 238136]
3021	[3021, 7804]
7118	[7118, 257381]
3027	[326084, 3027]
7126	[7126, 136286]
7127	[130400, 7127]
3033	[157971, 3033]
7130	[297846, 7130, 156132]
3037	[293059, 3037]
3040	[87226, 3040]
3042	[3042, 191056]
3043	[221475, 3043]
3044	[93812, 3044]
7140	[16384, 7140]
3049	[3049, 197894]
3050	[29431, 37252, 143358, 37487, 3050]
7146	[7146, 104204]
7148	[7148, 141739]
7151	[268186, 7151]
3057	[3057, 24039]
3060	[3060, 244056]
7157	[45039, 7157]
3064	[3064, 42766]
7161	[7161, 134150]
7162	[7162, 243614]
3067	[120147, 3067, 318832]
7165	[7165, 129907, 125377]
3070	[3070, 298632]
7167	[7167, 281381]
3076	[78229, 3076]
3079	[305185, 265315, 3079]
7175	[7175, 91287]
3083	[220932, 27629, 3083]
3084	[282036, 3084]
7183	[79481, 7183]
3088	[149970, 3088]
3091	[3091, 311020, 16539]
7187	[7187, 196990]
7189	[7189, 41321, 327831]
7191	[7191, 165760]
3097	[145277, 3097]
7193	[291449, 7193]
3102	[65010, 3102]
7199	[7199, 129384]
7202	[7202, 117849]
3107	[3107, 277008]
7210	[7210, 81808]
7212	[129110, 7212]
3119	[3119, 123284]
3120	[5595, 3120]
3122	[3122, 157343]
7219	[7219, 30968]
3127	[3127, 134142]
3128	[3128, 44985]
3129	[3129, 30223, 127297]
3130	[305923, 3130]
7226	[7226, 73780]
7228	[7228, 115247]
7231	[7231, 18483, 28148, 280659]
7232	[7232, 112989]
3139	[181784, 3139, 21163, 43868]
7235	[7235, 216119]
3140	[3140, 287440]
7239	[319373, 7239]
3145	[3145, 219162]
7241	[7241, 21030]
7244	[7244, 16141]
7245	[7245, 39914]
7250	[78211, 7250]
3157	[10623, 3157]
7257	[132650, 213234, 252622, 7257, 174682, 156550]
7260	[207075, 7260]
7265	[7265, 279412]
7266	[292601, 7266, 276513, 307557, 34382]
7267	[152062, 7267]
7269	[318706, 7269]
7272	[8311, 275144, 7272]
7278	[205467, 7278]
3183	[65385, 3183]
7283	[284992, 7283]
7284	[285564, 7284]
3189	[30284, 3189]
3190	[3190, 120940, 68546, 12202, 194200]
3191	[3191, 257543]
3192	[3192, 13891, 86855, 95127, 37019]
7290	[163442, 7290, 198133, 251580, 182848]
3195	[3195, 44192]
7291	[7301, 7291]
3196	[3196, 57491]
3197	[242893, 3197]
3199	[83537, 3199]
3200	[56080, 3200]
7296	[7296, 313399]
3202	[3202, 244040]
7298	[7298, 218981]
7300	[15285, 7300]
3207	[213110, 3207]
7303	[300476, 7303]
3211	[71158, 3211, 209444]
7307	[121105, 7307]
3212	[3212, 109451]
7316	[34453, 19189, 7316, 133605]
3222	[292712, 78784, 3222]
3223	[3223, 266085]
7319	[209982, 7319]
7323	[7323, 98037, 184163]
3228	[238794, 3228]
7326	[319634, 7326]
7328	[59469, 175388, 7328]
3234	[300137, 3234]
7330	[7330, 167031]
3237	[252435, 3237]
7333	[7333, 303783]
3240	[3240, 284099]
7339	[7339, 148653]
3244	[305803, 3244]
3246	[3246, 10287]
3248	[3248, 133717]
3250	[74745, 3250]
7347	[7347, 305343]
3254	[191869, 3254]
7350	[258450, 7350]
3255	[3255, 235259]
7353	[133997, 7353]
3259	[304119, 3259, 109276]
3260	[41430, 3260]
3261	[199576, 3261]
3263	[3263, 32515, 32513]
3264	[129634, 3264]
7360	[88789, 139745, 7360]
3265	[3265, 11742, 126175, 45903]
7361	[147038, 76899, 7361]
3274	[87306, 3274]
7371	[211207, 7371]
3276	[3276, 157171]
3279	[3279, 270971]
3280	[3280, 64612]
3281	[287814, 3281]
3282	[158026, 6754, 158030, 3282]
7380	[7380, 216844]
7382	[92058, 291442, 7382]
7384	[7384, 161998]
3289	[3289, 190810, 6726, 98682]
7387	[7387, 198594]
3293	[83292, 3293]
3294	[259654, 3294]
3295	[3295, 168593]
3296	[163774, 3296, 166048]
3298	[71646, 3298]
7394	[7394, 31955]
3300	[297955, 3300, 212314]
7396	[7396, 305315]
3301	[3301, 261984]
3302	[76121, 189242, 3302, 125777, 212666]
7398	[7398, 270285]
3303	[3303, 39488]
3305	[3305, 333584]
7401	[43300, 7401]
7404	[148071, 7404]
7405	[7405, 203225]
3315	[3315, 5822]
7411	[293070, 7411]
3317	[3317, 99619]
7413	[263111, 16130, 7413]
3318	[3318, 264911]
7417	[263466, 7417]
3322	[3322, 110582]
7418	[274632, 7418]
3324	[3324, 67184]
7421	[7421, 76471]
3328	[3328, 26843]
3329	[3329, 243778, 167717]
3330	[241750, 3330]
7426	[7426, 240926]
7427	[7427, 148044]
3333	[60504, 165061, 3333]
7429	[57296, 328133, 7429]
3335	[3335, 90663]
3337	[3337, 272562, 67609]
7433	[7433, 281134]
3338	[3338, 91078]
3339	[3339, 215818, 314024]
3341	[153597, 3341]
7439	[58228, 7439]
3344	[3344, 181809]
7441	[7441, 180391]
7442	[7442, 148826]
7443	[69505, 7443]
3350	[227186, 3350]
7446	[7446, 220289, 144593]
3351	[281832, 3351]
3354	[77224, 3354]
7451	[7451, 41937]
3356	[3356, 317994]
7452	[16718, 7452]
3357	[3357, 93528]
3358	[3358, 188310]
3360	[219641, 3360]
7456	[7456, 50832]
3361	[103949, 3361]
7457	[143414, 7457]
3362	[3362, 295353]
3366	[3366, 146810]
3367	[3367, 120009]
7464	[7464, 80269]
7465	[263332, 7465, 331370]
3370	[332531, 3370]
7466	[7466, 190022]
3371	[127740, 3371]
3384	[292143, 3384, 327532]
7482	[19124, 12014, 7482]
7483	[7483, 220465]
3391	[64205, 3391]
3392	[168439, 3392]
7488	[7488, 274896]
3394	[298899, 3394]
7490	[91832, 289739, 7490]
3395	[217540, 3395]
7492	[180622, 7492]
3397	[110532, 3397]
7494	[7494, 39781]
3401	[244844, 244645, 3401, 19734]
3404	[3404, 296666]
7500	[169932, 7500]
7502	[78736, 7502]
3408	[7348, 3408]
7504	[7504, 105813]
3409	[81574, 107533, 3409]
7505	[103142, 220151, 7505, 300929]
7506	[63184, 44550, 265697, 7506]
7507	[182600, 7507]
7509	[7509, 86718]
7512	[7512, 237129]
7517	[146996, 7517]
7521	[7521, 114486]
3431	[106230, 3431, 325334]
7528	[165949, 7528]
7529	[201274, 7529]
7531	[7531, 93271]
3438	[3438, 214728]
3439	[3439, 15247]
3440	[3440, 227845]
7536	[7536, 321953, 56713]
3441	[240794, 3441, 153729]
3442	[211181, 3442]
7543	[7543, 250986]
3450	[292447, 3450]
3451	[28009, 3451]
7547	[295936, 7547]
7548	[263939, 7548]
3455	[3455, 13201]
7552	[7552, 130938]
3462	[322151, 7214, 3462]
3464	[3464, 304476]
7560	[7560, 73479]
3466	[3466, 42183]
7562	[7562, 84973]
7564	[7564, 245747]
7571	[7571, 157850, 264407]
7574	[7574, 249615]
3482	[3482, 299185]
3484	[3484, 202459]
7580	[333553, 7580]
7581	[45128, 7581]
3487	[3487, 26312]
7588	[35227, 7588]
3494	[3494, 331114]
3498	[65375, 3498]
3501	[3501, 176900]
7597	[146324, 7597]
7600	[7600, 245372]
3505	[3505, 61725]
7601	[325802, 299425, 301548, 7601, 181153]
7602	[7602, 29739]
3507	[3507, 31427]
3510	[33601, 3510]
7609	[7609, 188323]
7612	[49877, 7612, 261544]
7613	[257922, 7613, 92813]
3520	[10009, 3520, 204308]
7616	[7616, 123858]
7619	[122630, 7619]
3525	[234617, 3525]
3528	[160592, 3528]
7627	[7627, 328787]
7630	[7630, 143940]
7639	[316043, 7639]
3546	[3546, 333372]
3547	[3547, 217646]
3548	[3548, 333590, 155644]
3549	[3549, 274197]
3554	[3554, 306401]
3555	[3555, 138205]
3557	[3557, 68053]
3558	[3558, 265590]
7654	[77343, 7654, 181869]
3561	[3561, 169487]
7657	[7657, 34845]
3563	[290664, 3563]
3565	[3565, 309019]
7661	[7661, 93651]
7662	[7662, 122311, 122591]
7663	[230632, 7663]
3570	[264446, 3570]
7666	[7666, 77910]
3573	[3573, 100731]
7670	[7670, 282643]
3579	[3579, 71605]
7675	[7675, 148226]
3584	[265353, 3584]
7683	[7683, 128288]
7685	[7685, 139268]
7686	[7686, 278959]
7687	[135922, 7687]
3592	[82522, 3592]
3595	[3595, 196444]
7691	[41935, 7691]
3598	[318639, 3598]
7695	[7695, 193504, 25853]
7701	[7701, 183617]
3606	[3606, 185520]
3610	[44578, 3610]
3614	[3614, 321109]
7712	[127843, 7712]
3618	[3618, 147670]
3621	[328768, 3621, 196231, 157064, 29605]
7717	[146559, 7717]
7718	[110315, 7718]
3623	[3623, 146064]
7720	[180650, 130411, 7720, 50229]
7722	[7722, 88870]
3627	[56202, 3627]
3629	[101505, 184260, 3629]
7733	[7733, 56628]
3638	[3638, 108859]
7736	[259815, 7736]
7737	[7737, 256680]
3645	[152889, 3645]
3646	[208698, 3646]
3648	[235975, 3648, 51538]
7745	[26492, 7745]
7746	[117688, 58890, 7746]
7749	[7749, 292749]
7750	[7750, 242156, 328035]
7751	[258749, 7751]
7754	[83180, 7754]
7755	[52422, 7755]
7756	[244029, 7756]
7758	[170039, 7758]
3669	[90737, 3669, 208668]
7765	[7765, 319856]
3670	[3947, 124579, 170909, 3670, 230908]
7766	[252708, 7766]
7767	[7767, 241447]
3673	[3673, 38149]
7769	[310415, 7769, 309444]
7772	[7772, 197733]
3680	[195314, 111755, 3680, 4881]
3682	[157405, 3682]
7778	[201561, 7778]
7779	[7779, 262194]
3684	[15375, 3684]
7782	[7782, 287756]
3687	[215398, 90799, 3687]
7783	[7783, 102130]
7785	[7785, 155944]
3691	[3691, 242263]
7787	[7787, 64805]
3692	[102084, 221606, 3692]
7790	[171858, 7790, 309599]
7797	[143226, 7797, 100673, 242937, 28847, 235846]
3714	[252301, 3714]
7810	[7810, 205965]
7811	[107023, 7811, 41588]
3718	[3718, 188955]
7816	[10964, 7816]
7818	[7818, 161147]
3723	[3723, 313919]
7819	[7819, 209538]
3724	[331022, 3724]
7822	[260496, 7822]
3731	[65468, 3731]
3735	[142438, 3735]
7831	[7831, 7834]
3736	[189341, 245248, 3736]
3738	[3738, 276679]
7836	[162347, 7836]
7837	[243654, 7837]
3742	[96156, 3742]
7843	[7843, 96960]
7844	[71625, 24363, 7844]
7846	[202002, 7846, 264349]
3753	[120820, 3753]
3755	[174156, 3755]
7857	[7857, 206897]
7859	[222967, 7859]
7860	[7860, 166089]
3765	[143466, 3765]
7861	[249562, 7861]
3771	[3771, 44131]
7868	[252491, 7868]
3774	[3774, 325807]
3777	[17397, 3777]
3779	[208519, 3779]
3782	[305922, 3782, 80841]
7880	[7880, 135908, 190387]
7881	[7881, 151502]
3791	[3791, 274944]
7892	[188509, 7892]
3804	[3804, 269444]
7905	[49456, 7905]
7907	[7907, 227517]
7908	[7908, 36757]
3815	[3815, 42879]
7914	[302999, 7914]
3820	[3820, 298773]
7916	[147031, 7916]
7917	[7917, 270843]
3824	[40554, 3824]
3826	[3826, 133694]
7926	[114440, 7926]
7929	[7929, 256538]
3836	[3836, 288435]
7935	[42383, 7935]
3840	[3840, 57140]
7937	[287421, 7937]
7939	[7939, 250152, 217624]
7941	[7941, 73134]
7943	[11855, 7943]
3848	[3848, 148976, 188565]
7944	[312136, 7944]
7945	[151271, 7945]
7949	[7949, 142372]
3854	[3854, 183289]
7951	[57106, 7951, 283102, 66174, 8906]
3856	[59889, 3856]
7952	[22901, 7952]
7956	[135415, 7956]
3863	[303649, 3863]
7959	[227043, 148303, 7959]
3865	[3865, 99275, 122605]
7961	[7961, 174180]
7964	[144006, 7964]
3869	[3869, 32369]
3871	[3871, 106042]
3873	[3873, 182209]
7969	[7969, 220787]
7971	[7971, 314584, 36434]
3876	[334177, 238466, 7723, 3876, 63370, 91052]
7973	[7973, 27833]
7975	[118276, 7975]
3880	[3880, 57697]
3881	[287919, 3881]
3882	[284507, 3882, 270063]
7978	[229446, 7978]
7982	[7982, 54080, 179359]
3887	[304184, 3887]
7985	[7985, 27830]
3891	[244535, 3891]
7989	[165314, 7989]
3897	[273661, 320797, 3897]
3898	[3898, 173362]
3901	[265022, 3901]
7997	[7997, 167275]
3903	[3903, 190301]
3912	[71976, 120024, 3912]
8009	[166938, 226581, 8009]
3914	[3914, 209853, 86929]
8011	[264695, 8011]
3916	[3916, 3922]
8013	[8013, 181925]
3921	[72032, 3921]
3928	[3928, 140455]
3933	[118239, 3933]
3934	[328271, 3934]
8030	[273905, 8030]
3935	[3935, 142759]
8033	[8033, 135408]
8034	[8034, 47717]
8036	[8036, 133679]
3941	[3941, 182252]
3942	[134938, 3942]
3946	[3946, 210703, 229528]
3950	[310987, 3950]
3954	[163998, 3954]
8050	[8050, 178035]
3955	[75277, 3955]
3957	[3957, 35177]
3958	[3958, 79178, 17422, 60148, 250378, 6587, 173570, 134370]
3959	[3959, 331572]
3961	[304277, 3961, 53149, 220211]
3963	[216760, 3963]
8059	[8059, 252283]
8061	[8061, 208302]
8062	[218534, 154268, 187875, 8062]
8066	[8066, 181188]
3972	[327070, 3972]
8068	[8068, 147308, 188000, 324290, 195651]
8070	[8070, 333658]
3975	[3975, 76273]
3976	[253775, 3976]
8072	[217645, 8072]
8073	[316240, 8073]
8074	[128410, 8074]
3979	[3979, 91920]
3980	[319171, 61708, 3980, 25233, 146491]
8079	[8079, 69674]
3986	[3986, 63094]
3987	[3987, 30698]
3988	[290545, 3988, 110327]
3989	[14274, 3989]
8085	[8085, 265529]
3990	[3990, 234459]
3991	[3991, 49409]
8087	[26052, 8087]
3994	[294218, 3994]
8090	[266101, 8090]
8091	[8091, 35372]
8093	[211738, 94318, 8093]
4003	[144698, 4003, 90438]
8099	[325886, 8099, 275829]
4004	[134820, 4004]
4007	[329904, 4007]
4011	[4011, 118806]
8108	[300703, 301194, 8108]
8110	[8110, 331993]
8117	[8117, 210134]
4022	[4022, 229945]
4023	[4023, 171190, 217582]
8122	[8122, 63045]
8123	[8123, 36203]
4029	[4029, 191797]
8125	[78244, 253495, 8125]
8126	[8126, 58913]
4031	[4031, 186489]
8130	[275127, 8130]
8131	[71405, 8131]
4037	[250904, 4037, 323505]
8134	[8134, 229750, 71762]
4039	[157492, 4039]
4046	[254546, 4046]
8142	[182152, 8142]
8148	[8148, 22399]
4053	[4053, 93539]
4056	[29369, 4056]
4059	[4059, 303541]
4060	[204161, 333093, 4060]
4062	[4062, 151967, 330571, 266566]
8159	[54089, 8159]
8161	[118226, 321261, 8161]
4066	[83008, 4066]
4068	[4068, 291680]
4071	[4071, 21436]
4074	[4074, 7620]
8173	[128928, 329302, 264718, 257051, 8173]
4081	[139447, 4081]
8179	[8179, 309096]
4084	[4084, 296105]
4088	[4088, 109672]
4093	[4093, 206358]
8191	[8191, 290604]
