8192	[8192, 277197]
1	[1, 148224]
2	[2, 16283]
8196	[273123, 319839, 8196]
8197	[187732, 8197, 153718]
6	[6, 18019]
8198	[8198, 126347]
7	[36737, 7]
8201	[8201, 137357]
8204	[8204, 252518]
8205	[8205, 93938]
8208	[112103, 150863, 8208, 178128]
17	[69565, 254524, 17, 320157]
8209	[40074, 8209]
8210	[8210, 191478, 143196]
20	[247897, 265713, 20]
8214	[168091, 8214, 264065]
24	[121114, 24]
8217	[8217, 35419]
28	[28, 276996, 115654, 6727]
8220	[8220, 285857]
29	[300975, 29]
8221	[8221, 270047]
8222	[8222, 237970]
31	[229239, 7600, 18013, 31]
8223	[8223, 42031]
8227	[8227, 327325]
38	[38, 252792]
39	[39, 18602]
8231	[8231, 127349, 58572]
40	[310469, 40, 72935]
41	[8234, 44623, 41]
42	[42, 117608]
43	[214576, 43]
8236	[237077, 8236]
48	[48, 65958]
8240	[306958, 8240]
50	[50, 280928, 70616]
8242	[8242, 154321]
51	[152319, 202844, 51]
8243	[8243, 10340]
52	[120651, 52]
8244	[8244, 312314]
54	[197130, 324078, 54, 123957, 203842]
8246	[8246, 311092, 115139]
55	[55, 40174]
56	[56, 236587, 291232]
8249	[123459, 8249]
58	[58, 243827]
59	[59, 35065, 202999]
8251	[198230, 273543, 8251]
60	[77543, 60]
8252	[156239, 8252]
61	[284410, 61]
8253	[8253, 101739]
63	[317491, 63]
65	[63960, 65]
8257	[22507, 8257]
66	[66, 146476, 224178]
8258	[35422, 8258]
8259	[236066, 8259, 264841]
8260	[111720, 171993, 8260]
70	[148438, 70]
71	[295924, 71]
8266	[8266, 8268]
8270	[8270, 78922, 283563]
79	[33831, 79, 34875, 2883, 180823, 214172, 225702]
8271	[150534, 224584, 8271]
80	[97208, 303811, 38164, 6410, 96203, 90103, 15432, 241783, 242311, 26940, 187962, 126164, 232080, 204385, 152733, 83325, 80]
82	[82, 142506, 172818]
8274	[112921, 8274]
83	[321471, 83]
84	[309154, 84, 40836, 172581]
8276	[8276, 77535]
85	[83950, 85, 318469]
87	[135884, 87]
8279	[165095, 8279]
8280	[226863, 8280]
90	[90, 62833]
8282	[125305, 154109, 8282]
8284	[191525, 8284]
93	[38294, 93]
8285	[95484, 8285]
95	[129016, 95]
8287	[8287, 207797]
97	[334479, 97]
8289	[8289, 12341]
98	[14222, 333627, 98]
8290	[187170, 8290]
99	[99, 19597, 8925, 167089]
8291	[141174, 8291, 266171, 303158]
101	[101, 333519]
8293	[140288, 8293]
102	[102, 218922]
104	[104, 59696]
8296	[220096, 8296]
106	[106, 294488]
107	[239860, 107]
8299	[8299, 9124]
110	[110, 196149]
8302	[157894, 291112, 8302, 97388, 281253]
8303	[8303, 33024]
8304	[137309, 8304]
114	[114, 204198]
8306	[59300, 8306]
115	[115, 132889]
8309	[287114, 189715, 8309]
8310	[8310, 41987]
119	[54499, 258413, 119, 196]
8311	[8311, 272575]
120	[42291, 120]
122	[122, 160980, 325058]
8314	[8314, 295522]
123	[123, 127434]
8315	[331571, 8315, 192888, 46726]
126	[135515, 126, 304636, 1561, 8927]
8318	[8318, 170164]
8319	[310622, 28437, 8319]
8320	[8320, 169639]
129	[129, 140150]
132	[132, 60622]
8324	[8324, 116004]
8325	[268239, 189880, 8325, 8538, 333007]
134	[134, 109627]
135	[135, 279357, 45584]
8327	[284170, 8327]
8329	[8329, 124673, 230559]
138	[138, 24410]
8330	[8330, 305916]
139	[139, 307823]
8331	[8331, 199440, 331346, 212003]
140	[38684, 140, 179069]
8332	[8332, 61828, 248992]
141	[187760, 141]
8333	[8333, 22242, 262082]
143	[143, 29729]
8335	[258229, 8335]
8336	[8336, 179925]
8338	[8338, 170758, 66509, 177992]
147	[62619, 147, 173315, 87256, 6162]
8340	[196929, 320476, 8340]
149	[149, 189008]
150	[69312, 211262, 150]
8342	[8342, 28039, 20612]
151	[81146, 151]
8343	[8343, 122325]
152	[249965, 152]
153	[334486, 153]
8345	[288621, 8345]
8346	[8346, 133836]
8347	[311797, 8347, 8350, 8351]
8348	[8348, 274738, 296530]
161	[137170, 161]
162	[190085, 162]
8354	[8354, 134897, 169729]
8355	[8355, 186127]
164	[316013, 6779, 237370, 164]
8356	[8356, 179599]
8357	[194636, 8357, 59793]
8358	[8358, 75436, 9724]
167	[167, 48884, 162466]
168	[168, 30570, 211592, 239560]
8361	[277971, 8361]
8362	[87114, 8362]
172	[176668, 172]
8364	[8364, 330735, 32766]
8368	[131694, 8368]
178	[178, 148374]
179	[254514, 179, 7521, 38614]
182	[157278, 201927, 182, 232822]
8374	[8374, 175965]
8375	[8375, 186899, 198063]
8376	[8376, 289172, 90308]
8380	[249662, 8380]
190	[190, 179736]
8382	[121254, 8382]
8383	[126062, 8383]
192	[199826, 57361, 192]
193	[193, 65690]
8386	[281092, 8386, 251357, 169516]
195	[233311, 195]
8387	[8387, 191124]
199	[199, 60392, 27282]
8391	[32555, 8391]
200	[200, 9778]
201	[201, 152831, 250217, 95849, 5439, 111109]
8393	[28241, 320649, 8393]
202	[109800, 202, 132707, 23655]
8394	[317286, 8394]
203	[74702, 203]
8396	[8396, 76533, 290609, 10411]
205	[60999, 9139, 205, 318300, 235424, 159366]
206	[35712, 279005, 56579, 289301, 169413, 233473, 206, 16822, 71297, 263183, 269915, 192045]
8398	[8398, 312477]
207	[278509, 207]
208	[6130, 145073, 208, 209648, 157197]
8400	[8400, 177008]
209	[330906, 209]
8401	[8401, 13642]
8403	[33532, 8403, 92914, 30259]
212	[235780, 212]
214	[214, 119495, 14403]
8407	[113990, 8407]
216	[289468, 216, 301471]
8411	[46745, 143101, 8411]
8412	[66851, 8412]
8413	[218434, 8413, 249514]
222	[222, 1373, 109208]
8414	[204379, 182796, 8414]
223	[223, 208866]
8415	[87910, 8415]
8417	[8417, 222126]
8419	[193822, 263877, 8419]
229	[181966, 229]
231	[231, 86716, 333228]
8424	[8424, 279565]
233	[233, 251833]
8426	[8426, 114439]
235	[235, 320624]
237	[186307, 237]
8429	[210785, 8429]
238	[19940, 238, 51700]
8430	[8430, 288954]
239	[239, 27977]
240	[310645, 75046, 240]
8432	[242204, 8432]
8435	[8435, 258101]
8436	[8762, 327190, 8436, 311142]
245	[245, 121957]
246	[287256, 246]
8438	[163321, 8438]
247	[244225, 247]
8439	[8439, 295960, 209810]
248	[10901, 248, 319205, 128338]
249	[249, 46639]
8441	[8441, 95920]
251	[141528, 251]
252	[160756, 252]
8445	[278899, 8445, 278580, 177785]
8447	[8447, 295631]
258	[258, 72509]
8450	[8450, 50009]
259	[90631, 259, 138787, 204810]
8451	[8451, 146597]
8452	[8452, 136631]
262	[229470, 262]
8455	[8455, 312440]
264	[264, 191445]
8457	[8457, 100673]
266	[277543, 48747, 266]
267	[267, 78058, 84896]
268	[267516, 268]
269	[16849, 269, 235643, 221233, 226688, 314159, 93593]
8462	[8462, 278450]
272	[272, 7053]
274	[276, 182589, 165107, 8610, 5005, 72718, 274]
8466	[8466, 271853]
279	[279, 229229]
8471	[247409, 99888, 113279, 8471, 318787]
280	[294902, 280]
281	[163354, 281]
8474	[8474, 182616]
284	[163886, 284]
285	[88427, 285]
286	[286, 254358, 121041]
8479	[8479, 158889]
289	[196547, 289]
8481	[9779, 8481]
291	[291, 138707]
293	[200609, 255032, 293]
294	[135674, 229386, 37448, 294]
8486	[8486, 111135, 233110, 124946]
296	[61972, 296]
297	[297, 165685, 1824]
298	[298, 95317, 44310, 166443]
8491	[57138, 8491]
8492	[146619, 8492]
301	[301, 2575, 307519, 257213, 8281, 238359, 67010, 311596]
8494	[282566, 17857, 8494]
8495	[279855, 8495, 265870]
304	[113626, 34951, 304, 258874]
8496	[8496, 198992]
305	[305, 157780]
8497	[8497, 85847, 51260, 37383, 107764, 69194, 214171, 274194, 197149, 129373]
306	[306, 119360]
307	[333286, 189385, 307]
8499	[8499, 155815, 331344]
8500	[8500, 262590]
309	[291056, 309]
310	[310, 144967, 90828, 198686]
8502	[8502, 313780, 297398]
311	[311, 306306, 32405]
8503	[286451, 55512, 8503, 262336]
8506	[24606, 8506]
8508	[122905, 8508]
317	[286963, 317]
8509	[231332, 8509, 239849]
318	[80861, 215130, 318]
319	[167282, 319]
320	[320, 114141, 114133]
8512	[287991, 8512, 186003]
8513	[8513, 299451]
322	[322, 105426]
8514	[189618, 8514]
323	[266754, 323, 224872]
8515	[312071, 8515]
324	[268129, 324]
8518	[303989, 8518, 34416]
327	[327, 216491]
8519	[201965, 8519]
330	[330, 57410]
331	[331, 94036, 320691]
8526	[132975, 8526, 26538]
8527	[8527, 27955]
337	[9850, 337]
338	[198856, 338]
339	[104385, 115284, 339]
8531	[8531, 282736, 99054]
8532	[255327, 8532]
8533	[241974, 270849, 8533]
8534	[180686, 8534]
8537	[239997, 8537]
346	[346, 64697, 157089]
8540	[8540, 94079]
8541	[8541, 24340]
8542	[8542, 62636]
8543	[8543, 291577]
352	[352, 307712]
353	[353, 305494]
8545	[8545, 258930, 321732]
8546	[108595, 8546, 190551, 195663]
357	[30079, 357]
8549	[124756, 8549, 210635]
359	[17465, 359]
360	[64397, 24341, 360]
8552	[8552, 115699]
8553	[8553, 55749]
364	[364, 209937]
8557	[65252, 8557]
366	[366, 319528, 14989]
8559	[298727, 296416, 64952, 8559]
370	[370, 111879, 48706]
8562	[8562, 202669]
8563	[8563, 290231]
372	[89292, 112395, 372]
373	[71201, 373]
374	[374, 271139, 163850]
375	[375, 22616, 102382, 296900, 247299, 243906, 276439, 46351]
376	[376, 181823]
377	[52781, 377]
378	[378, 87022]
380	[174854, 380]
8572	[8572, 270430]
381	[155036, 300606, 381]
8573	[8573, 166202, 201995]
382	[199914, 382]
8574	[8574, 232202]
383	[109076, 11495, 383, 326776]
384	[85748, 384]
8576	[54522, 8576]
8578	[8578, 173343, 31018]
391	[75019, 43970, 391, 133282]
8583	[196139, 8583]
8584	[8584, 27308]
395	[289200, 395]
8587	[8587, 155403, 196187]
396	[396, 112454, 65654, 508]
8588	[8588, 8951, 302376]
397	[397, 253986, 67963]
399	[399, 194250, 105714]
8591	[11032, 8591]
400	[400, 158955, 108706]
401	[401, 10957]
8593	[265006, 72489, 89505, 8593]
402	[402, 292051]
403	[232160, 403, 120799]
404	[404, 211118]
405	[1204, 135611, 405, 180681]
8597	[8597, 129765]
406	[321242, 406]
407	[170233, 407]
408	[408, 231466]
409	[75631, 409]
8601	[88131, 8601]
8602	[67748, 8602]
8605	[156872, 318518, 8605]
416	[124722, 28346, 416]
8608	[8608, 23159]
417	[417, 172958]
8611	[8611, 58126]
420	[420, 169286]
8612	[8612, 281752]
421	[421, 52238]
422	[422, 29350]
8616	[8616, 96762]
8617	[209586, 8617]
427	[208043, 427]
8619	[99925, 8619, 317236]
8620	[8620, 108890]
429	[20010, 429]
8621	[8621, 44804]
8625	[275354, 230573, 8625]
434	[434, 216200, 119739]
435	[1128, 321020, 16279, 435, 90655, 220872, 321414]
8628	[212537, 8628, 175045]
8629	[8629, 220457]
8631	[8631, 157076]
8632	[201947, 8632, 250247]
441	[441, 202172]
444	[444, 239379]
446	[53709, 214672, 446]
8638	[106457, 8638]
8639	[42038, 102289, 8639]
8641	[8641, 154745, 45230]
8644	[8644, 100728, 61678]
8645	[204961, 8645]
8646	[8646, 201666]
456	[456, 66605]
457	[179211, 457]
459	[459, 245497, 261913]
8652	[8652, 231115]
461	[27584, 461]
462	[462, 138804]
8654	[8654, 45361, 76943, 23179]
8655	[151406, 8655]
465	[32886, 465]
8657	[310874, 8657, 202723, 207217, 87187]
466	[466, 216893]
467	[467, 25510]
8659	[8659, 183073, 168939, 98474]
468	[67503, 468]
8662	[8662, 10180, 162367]
471	[302825, 115861, 471, 14888]
472	[94953, 472]
8667	[34532, 217981, 8667, 23487]
8671	[8671, 227187]
8672	[8672, 275375, 53610]
481	[108477, 287814, 481]
8673	[8673, 237181]
482	[227173, 198985, 482]
8675	[331706, 8675, 33067]
484	[484, 486]
8676	[328060, 262155, 8676]
485	[485, 226689]
8677	[8677, 21194]
8679	[8679, 89510]
489	[489, 327168, 310470]
490	[490, 27847]
8682	[8682, 233933]
492	[110478, 259245, 492]
493	[181909, 271599, 493]
8685	[8685, 291711, 227810]
494	[93304, 494]
8686	[8686, 179556]
495	[495, 43822]
8687	[8687, 158672]
496	[496, 237083]
8688	[8688, 317796]
8690	[290101, 8690]
8691	[315770, 8691]
502	[271808, 502]
8694	[8694, 147991, 297396]
504	[504, 121822]
505	[36553, 505]
506	[241680, 506]
8698	[125306, 317042, 8698]
507	[507, 44191]
510	[286484, 510, 325120]
511	[193004, 511, 105860, 264637]
8705	[137563, 8705]
8707	[126538, 8707]
8708	[152137, 8708]
520	[520, 87944]
8712	[36319, 8712]
8713	[27755, 212316, 8713]
8716	[65891, 8716]
8717	[76241, 8717]
526	[50365, 526]
8720	[110671, 8720]
8722	[111568, 179395, 8722, 168901]
532	[532, 143622]
533	[6034, 533, 291212]
8726	[8726, 114402]
535	[535, 314026]
8727	[147335, 307996, 8727]
538	[538, 127113]
8730	[60413, 282446, 8730, 274346, 235644]
539	[539, 27416]
541	[541, 154518]
542	[542, 171717]
8734	[311547, 8734]
8735	[87072, 234364, 8735]
544	[223580, 211281, 544, 125521, 96799, 149811, 6510, 129503, 5105, 327026, 294816]
545	[1620, 545, 201588]
546	[252896, 546]
8738	[43569, 8738]
547	[245201, 547, 282762]
549	[96831, 549]
550	[550, 181486, 107511]
8742	[80777, 269621, 8742]
8744	[8744, 143543]
8745	[8745, 294059]
8746	[201868, 8746, 108088]
8749	[249312, 8749]
8752	[8752, 53156]
564	[564, 96116]
8757	[186502, 8757]
567	[567, 309566]
8759	[8759, 144231]
568	[93203, 568, 302294]
8760	[8760, 136303]
569	[569, 237425]
570	[186349, 27150, 570]
571	[314807, 571]
8763	[294406, 82900, 8763, 20947]
572	[572, 20241]
574	[574, 250751]
578	[578, 140390]
579	[579, 43206]
580	[74391, 580]
581	[147504, 244579, 87858, 123750, 288627, 221311, 67098, 581]
8773	[8773, 149733, 161477]
584	[584, 101159]
585	[585, 284265]
8777	[8777, 144297]
586	[586, 152624, 281144]
588	[588, 246620]
589	[281390, 589, 169385]
593	[296563, 593]
8786	[237905, 324746, 8786, 322975, 169342, 232974, 39041]
8788	[8788, 254603]
8790	[263305, 315131, 8790]
599	[599, 22455, 59838]
600	[38571, 600, 108519, 334724, 333504, 6814, 137484, 9849]
8792	[8792, 69695]
601	[48147, 601, 25769]
602	[93896, 602]
8795	[8795, 290707]
604	[694, 68069, 235097, 110682, 604, 236878, 117163]
8797	[8797, 102479]
606	[30466, 141189, 202032, 606]
607	[113362, 607]
8799	[315216, 8799, 49633]
608	[93554, 90633, 146964, 608]
609	[71510, 609]
8802	[8802, 41039, 139782]
611	[288246, 611]
8803	[213484, 8803]
616	[65741, 616]
8809	[8809, 75526, 175714, 155835]
620	[134974, 620]
622	[109641, 622]
623	[623, 163939]
8816	[71039, 8816]
625	[140052, 625]
626	[626, 263828]
627	[627, 219804]
8819	[8819, 86836, 210741]
628	[628, 34281]
8820	[280314, 8820]
8821	[8821, 106997]
630	[239540, 630]
631	[631, 226728]
632	[252368, 632]
8826	[332396, 114668, 8826]
635	[9698, 635]
8827	[279888, 308792, 32308, 8827]
636	[210806, 636]
8828	[103168, 19321, 8828, 132031]
637	[637, 106691]
639	[246609, 639, 305112]
8832	[8832, 99747]
641	[641, 181190]
8834	[224241, 8834]
8835	[86925, 122049, 65783, 73535, 8835]
8836	[70531, 8836]
8837	[73530, 8837]
8839	[14429, 8839, 104725]
8840	[8840, 141213, 334228, 211069, 11545]
650	[650, 76306, 301541]
8844	[8844, 90715]
653	[653, 201393]
654	[654, 21856]
8847	[187394, 289151, 8847, 199910]
656	[333858, 656]
8848	[83978, 8848]
657	[254587, 657]
8850	[8850, 116871]
8852	[156354, 47756, 8852]
8854	[8854, 96047, 205109, 130219]
665	[665, 23688]
8857	[325958, 8857, 259500, 203725]
8859	[310729, 8859]
669	[72661, 239737, 669, 240381, 67629]
8862	[8862, 305788]
8863	[8863, 211259]
672	[672, 190925, 179690, 312252]
675	[675, 286887, 250302]
8867	[8867, 129184]
676	[317758, 676, 193319]
677	[677, 116356]
678	[328858, 678]
8870	[8870, 35446]
8871	[8871, 304338, 326581, 36076]
680	[273089, 680, 54260]
682	[682, 308125, 160804]
683	[683, 12011]
8875	[54341, 8875, 19163]
684	[684, 685]
8877	[229469, 8877]
686	[686, 272515]
8879	[333563, 334619, 8879, 250876]
688	[688, 76448]
8880	[8880, 220470, 77247, 323930, 231546]
8881	[8881, 89859, 119848]
8882	[8882, 311721]
691	[236411, 2550, 184719, 285437, 691]
8883	[8883, 287987]
8888	[289158, 156605, 8888]
697	[697, 96610]
8889	[171236, 8889, 137890]
698	[698, 288190]
8890	[54820, 8890]
699	[59844, 699, 22441]
700	[312940, 36373, 700, 51510, 106097]
8895	[165913, 8895]
8896	[111497, 8896, 237140]
8897	[8897, 49679]
707	[144753, 707]
8899	[328605, 8899]
708	[291077, 21822, 708]
8900	[12407, 8900, 92044]
8901	[109822, 11708, 8901, 136342, 303718, 272438, 295110]
8903	[185821, 8903]
712	[712, 21823]
713	[713, 210234]
8906	[195186, 8906, 321511]
715	[192630, 68856, 273662, 715]
8907	[8907, 65441]
717	[325403, 9475, 717]
8909	[8909, 240484, 326928]
718	[135871, 718]
8910	[194305, 81069, 8910]
719	[14542, 719]
721	[721, 218286, 110174, 225897, 171935, 278737, 270570, 307005, 5837, 184123]
8913	[8913, 281077]
8914	[27891, 201398, 8914]
723	[149978, 723, 12200]
8918	[8918, 142257, 190653]
728	[301368, 183094, 329691, 728]
8921	[226663, 154325, 8921]
730	[243325, 7045, 289543, 730, 2495, 76822, 15357]
733	[733, 49367]
8926	[49131, 8926]
8928	[222310, 8928]
738	[24055, 738, 153185]
8930	[162390, 8930]
739	[92450, 739]
8931	[106891, 8931, 91503]
741	[272374, 741, 291071]
8934	[192900, 8934]
744	[293878, 163857, 7289, 11142, 744, 107669, 156817]
8936	[278667, 8936]
8939	[145998, 8939]
8940	[247045, 8940]
750	[750, 135262]
8942	[39384, 8942]
751	[23725, 751, 82792]
752	[752, 266587]
754	[754, 89768]
8946	[283745, 8946]
755	[755, 272505]
756	[116234, 277635, 756]
8948	[141043, 8948]
757	[757, 196246]
758	[222590, 259104, 758]
8950	[8950, 257971]
759	[759, 110627]
8952	[8952, 145228]
761	[761, 134233]
8953	[8953, 56384]
8954	[32232, 8954]
763	[7341, 66188, 763]
765	[765, 149404]
766	[145415, 766]
767	[767, 276879]
8959	[115463, 8959]
769	[769, 49153]
770	[770, 123859]
771	[97814, 771]
772	[256504, 772, 228539]
8964	[120257, 8964, 28522, 278987, 187414, 130282, 96173, 221500, 302860, 255769]
774	[774, 6008]
8967	[25592, 8967]
8969	[168720, 8969]
778	[100671, 778]
8970	[8970, 302701]
780	[193120, 238828, 97829, 59727, 780]
782	[782, 52342, 247547]
8974	[15051, 8974]
783	[783, 324493]
8975	[8975, 54097]
784	[40140, 784, 168497]
785	[785, 19837]
786	[786, 230292, 276805]
8978	[8978, 76902]
787	[127085, 787, 206962]
791	[309231, 201564, 791]
8983	[8983, 196025]
792	[792, 104810]
8984	[242334, 8984]
793	[793, 2320, 134307, 260767]
8985	[58956, 8985, 156937]
794	[4161, 7571, 794, 332089, 121724, 324068, 121726]
796	[796, 77248, 151178, 31954]
8988	[67506, 8988]
797	[797, 234751]
8991	[8991, 244836]
800	[2776, 800, 256596, 99424]
801	[296814, 801, 80834]
8993	[8993, 21980, 222315]
8994	[18754, 8994, 103422]
8995	[113081, 295019, 8995, 61755]
804	[215809, 804]
8997	[98822, 8997]
8998	[8998, 73570]
8999	[312933, 8999]
809	[809, 258556]
9001	[9001, 250364]
9002	[9002, 222799]
811	[219259, 811]
9003	[9003, 75351]
814	[240956, 814, 14647, 24723]
9006	[264046, 9006]
9007	[9007, 182824]
9008	[36248, 9008]
9010	[230455, 9010]
819	[819, 114204, 207751, 313022]
822	[152435, 822]
9014	[9014, 301028]
9015	[9015, 230430, 20448, 29271]
824	[238724, 824]
9016	[9016, 138883]
825	[825, 203204]
9017	[286100, 9017, 292412, 70143, 293277, 95041, 242624, 84460]
826	[311846, 826, 16370]
9018	[9018, 301790]
827	[214306, 827]
9019	[247144, 9019, 251890, 316783, 298552]
828	[828, 313466]
9020	[275533, 33769, 9020]
9023	[9023, 125700]
832	[300159, 241631, 14123, 262539, 3958, 192883, 222550, 172358, 28178, 832, 281554, 137244, 101840, 7308, 325477]
9024	[216479, 9024, 159529, 258773]
833	[833, 44120, 69826]
836	[292635, 42124, 836, 194783]
9028	[9028, 330149]
838	[324463, 838]
839	[40467, 839]
9032	[135215, 9032]
843	[843, 273204, 7063]
9035	[9035, 305236]
844	[116927, 217355, 844, 314332]
9036	[9036, 137461]
845	[845, 136234]
9039	[9039, 186517]
850	[850, 86407]
851	[83834, 851]
856	[284085, 856]
858	[229974, 858, 283032, 276608]
864	[125191, 864, 102854]
867	[256443, 867]
868	[76166, 868]
869	[176437, 112871, 869]
870	[870, 270671]
874	[160438, 874, 241255, 218474, 324907]
876	[208242, 876, 149998]
877	[877, 234206]
881	[881, 251929]
888	[169832, 88290, 888, 112078, 237579]
889	[295796, 889]
890	[890, 216217]
896	[896, 293997]
897	[897, 158680]
899	[899, 95333]
901	[118824, 901]
902	[12307, 902]
903	[276035, 903]
904	[182567, 328781, 904]
905	[905, 193441]
908	[908, 46867]
909	[909, 33247]
910	[910, 142619]
912	[912, 42358]
914	[142630, 226265, 914]
915	[109621, 915]
916	[278448, 916]
917	[102860, 917]
918	[918, 235812]
920	[234580, 920]
921	[310113, 921]
922	[54287, 25094, 922]
925	[268219, 925]
926	[227350, 926]
927	[103047, 5536, 209931, 927]
928	[126199, 928]
931	[931, 154848]
932	[932, 200810]
933	[256999, 933]
934	[934, 315818]
939	[125680, 939]
940	[166064, 940]
945	[945, 304226]
946	[218433, 96102, 314372, 946]
947	[83673, 7626, 294510, 947]
949	[288768, 949]
952	[952, 226429]
955	[955, 194168]
957	[39780, 246032, 957]
958	[958, 159695]
959	[175916, 136227, 959]
962	[962, 154153, 326731]
963	[963, 291023]
966	[150348, 966, 163891]
967	[237361, 219464, 237663, 114245, 249723, 260224, 967, 148565, 268153, 2737]
970	[970, 14786]
976	[298845, 976]
977	[977, 190468]
978	[232609, 90800, 978]
979	[170887, 979]
980	[980, 269476]
981	[981, 203551]
982	[982, 282324]
983	[983, 211289]
984	[984, 83034]
985	[985, 139179, 321227]
986	[986, 156084]
987	[987, 49086]
988	[60375, 988]
989	[22867, 132257, 989]
991	[991, 66888, 333588]
992	[131046, 992]
993	[993, 332052]
995	[995, 998]
997	[138912, 997]
1000	[76907, 148403, 144941, 1000, 187237, 40544]
1011	[1011, 311253]
1012	[1012, 154624]
1014	[1014, 55605]
1015	[1015, 107590]
1017	[1017, 236661, 179434]
1020	[1020, 100767]
1022	[222320, 1022]
1024	[7003, 1024, 332706]
1026	[1026, 175207]
1027	[1027, 140188, 332355, 169907]
1032	[117265, 66324, 1032]
1033	[1033, 259234]
1034	[75768, 1034, 109825]
1038	[1038, 111001, 14423, 55705]
1042	[1042, 38834]
1043	[113623, 1043]
1045	[140474, 1045]
1046	[110695, 1046, 145417]
1048	[1048, 119924, 320089]
1049	[322352, 79456, 1049]
1050	[277423, 250113, 1050]
1051	[1051, 100434]
1053	[229020, 1053]
1058	[167014, 1058]
1059	[1059, 4929, 271475, 107492]
1064	[280833, 1064]
1065	[1065, 10204]
1069	[1069, 38606]
1070	[232935, 14716, 235441, 116015, 1070]
1072	[241377, 124496, 1072]
1073	[1073, 288320]
1074	[129144, 1074]
1075	[91389, 1075]
1076	[1076, 102157]
1077	[12494, 1077, 40236]
1080	[1080, 224162]
1082	[133985, 1082]
1083	[27492, 1083]
1085	[241421, 1085]
1088	[1088, 97332, 69057, 252943]
1090	[1090, 13715]
1091	[1091, 225570, 80389]
1092	[88479, 1092]
1093	[188207, 130883, 1093]
1095	[66536, 1095]
1097	[141113, 1097, 280060]
1104	[1104, 224577]
1113	[65353, 1113, 119973]
1115	[1115, 293113]
1117	[1117, 166185, 182858, 26414]
1118	[1118, 138149]
1120	[221070, 1120]
1122	[76156, 1122, 26119]
1124	[215670, 1124]
1125	[1125, 285544]
1131	[1131, 62181]
1132	[208282, 1132, 155617]
1135	[164616, 1135]
1136	[1136, 292681]
1137	[1137, 97111]
1138	[1138, 229304]
1139	[1139, 254695, 12410]
1140	[54221, 1140]
1142	[18137, 1142]
1144	[44501, 1144, 33570]
1150	[14938, 6575, 256297, 1150]
1152	[1152, 325476]
1153	[28275, 1153]
1154	[1154, 285505]
1160	[1160, 314288]
1162	[36132, 1162]
1163	[71017, 1163]
1167	[148636, 183857, 1167, 282036, 3084]
1170	[139064, 1170, 245856]
1172	[91400, 129844, 116877, 1172]
1174	[226675, 1174]
1176	[1176, 206469]
1181	[312974, 1181]
1182	[110489, 1182]
1185	[1185, 260963]
1187	[1187, 45594]
1192	[294335, 1192]
1195	[1195, 307555]
1198	[201583, 1198]
1208	[117822, 1208]
1209	[295544, 277516, 1209]
1212	[193765, 1212, 247391]
1213	[80022, 1213]
1216	[1216, 326807]
1218	[172716, 1218]
1222	[1222, 248697]
1223	[1223, 30997]
1224	[1224, 259258, 121899]
1225	[1225, 233339]
1226	[1226, 212773]
1227	[1227, 22798]
1228	[1228, 31542]
1229	[326712, 1229]
1233	[1233, 61011]
1235	[1235, 194387]
1238	[1238, 15410]
1239	[1239, 39237]
1240	[231263, 1240]
1242	[1242, 218506]
1249	[1249, 158788]
1254	[1254, 131359]
1256	[193148, 1256, 9082]
1263	[200924, 1263]
1264	[320648, 1264, 46219]
1265	[1265, 321448]
1266	[59814, 28115, 1266]
1267	[157498, 1267, 3478, 148359, 54778, 149087, 3429]
1270	[163735, 1270]
1271	[260941, 1271, 9000]
1272	[114283, 326640, 1272]
1274	[37663, 1274]
1277	[312446, 1277, 135309]
1279	[1279, 12828]
1281	[1281, 101514]
1282	[69934, 1282]
1290	[255987, 194679, 1290]
1292	[282249, 1292]
1294	[276760, 1294]
1295	[1295, 84053]
1301	[149082, 1301]
1307	[91355, 269027, 270477, 220489, 1307]
1308	[46555, 1308]
1311	[1311, 70608, 95495, 30116, 231532, 144460]
1312	[118870, 1312, 316841]
1313	[1313, 285717]
1314	[1314, 58466]
1317	[19008, 1317]
1318	[326628, 60113, 1318]
1321	[158557, 1321]
1322	[91970, 1322]
1323	[1323, 316529]
1324	[1324, 127802]
1331	[60323, 1331, 312443]
1332	[237928, 1332, 43463]
1333	[97084, 280411, 1333]
1336	[1336, 121729]
1337	[1337, 71004]
1338	[1338, 212107]
1341	[1341, 246655]
1345	[1345, 224015]
1347	[1347, 81862]
1348	[1348, 63262]
1349	[1349, 43776, 287747]
1350	[39681, 149526, 1350]
1358	[1358, 200315]
1359	[1359, 175451, 300363, 158199]
1362	[302679, 109223, 3343, 1362, 29601, 196224]
1366	[1366, 191715]
1367	[1367, 271314]
1368	[1368, 33185]
1370	[77527, 1370]
1371	[1371, 24733]
1372	[138580, 117149, 1372]
1374	[11814, 1374, 314781]
1376	[1376, 181816, 108527]
1378	[1378, 282203]
1384	[44058, 1384, 161088]
1385	[8148, 1385, 195110, 32538]
1386	[1386, 189355, 267074]
1387	[25770, 1387]
1388	[1388, 157789]
1391	[98579, 33617, 207620, 1391]
1392	[125612, 1392]
1394	[1394, 139751, 292936]
1395	[303327, 146069, 1395, 171480]
1397	[273670, 1397]
1404	[1404, 185864, 273756, 262815]
1406	[120803, 1406]
1407	[46583, 1407]
1408	[1408, 6409]
1412	[190164, 1412, 286148]
1413	[1413, 39014]
1414	[1414, 172084]
1415	[1415, 145139, 95749, 313100]
1416	[56205, 263859, 1416]
1417	[181035, 1417]
1419	[258898, 1419]
1425	[1425, 174859]
1427	[142193, 1427]
1428	[12585, 1428]
1430	[1430, 126169, 246346]
1434	[1434, 184381]
1435	[1435, 49835]
1438	[63377, 1438]
1441	[1441, 273787]
1443	[272283, 1443]
1444	[1444, 224479]
1445	[1445, 73432]
1453	[1453, 291736]
1456	[1456, 72687]
1457	[1457, 19584]
1458	[1458, 211814]
1459	[1459, 250648]
1460	[99119, 1460]
1461	[167651, 1461]
1462	[163205, 1462, 181109]
1466	[295382, 1466, 128665]
1467	[1467, 303862]
1469	[1469, 146434, 48266, 4626, 32899]
1471	[189915, 1471, 294366]
1472	[1472, 176512]
1477	[1477, 297008, 313213]
1480	[1480, 206556]
1482	[53044, 132060, 1482]
1489	[1489, 127774]
1491	[1491, 170331]
1494	[7101, 213960, 1494]
1495	[269116, 1495]
1496	[266700, 1496]
1497	[1497, 253746]
1499	[89805, 1499]
1500	[1500, 282723, 309067, 322450, 277343, 326095, 89329, 321502, 196302, 50667]
1504	[199627, 8697, 136023, 1504, 173561]
1505	[27032, 1505]
1506	[35721, 1506]
1507	[271483, 1507, 152253]
1509	[10440, 1509]
1513	[1513, 108929]
1519	[228049, 1519]
1521	[277464, 1521, 178307, 76324, 139327, 208696, 61270]
1522	[1522, 274041]
1524	[1524, 17386]
1526	[8570, 1526, 182550]
1527	[253716, 1527]
1528	[1528, 289164]
1529	[1529, 19019]
1530	[1530, 270899]
1532	[145013, 1532, 78197]
1533	[1533, 305724, 101693]
1535	[1535, 275867, 223502]
1542	[52087, 1542]
1546	[1546, 255964]
1547	[1547, 144747]
1548	[157179, 1548]
1549	[266701, 124489, 25750, 131234, 2043, 1549]
1551	[36106, 1551]
1552	[201121, 1552]
1554	[23999, 1554, 146977, 278905]
1556	[1556, 100201]
1558	[1558, 29489]
1562	[1562, 169184, 36066]
1563	[1563, 60508]
1564	[265320, 1564]
1565	[157454, 1565]
1566	[1566, 59997, 68150, 150520, 191246]
1567	[1567, 136839]
1568	[1568, 152732]
1569	[1569, 325691]
1570	[1570, 32427]
1571	[1571, 108903]
1576	[1576, 98844]
1578	[1578, 140637]
1580	[206427, 1580]
1583	[15760, 1583, 52963]
1584	[28729, 1584, 106635]
1586	[1586, 77931]
1587	[1587, 49832]
1588	[1588, 58130]
1595	[1595, 9062]
1606	[52143, 103498, 1606]
1609	[1609, 69716]
1610	[1610, 8766, 238850, 43748]
1614	[161638, 1614]
1615	[274997, 1615]
1625	[285786, 19563, 225228, 1625]
1626	[67924, 1626]
1627	[59812, 219995, 5025, 156119, 2375, 315791, 1627, 21427, 326446]
1628	[78292, 1628]
1630	[8908, 1630, 148689, 266763, 313617, 7855, 328631, 231772]
1632	[1632, 195481]
1633	[1633, 283377]
1636	[223571, 1636]
1639	[1639, 195146]
1641	[168722, 1641]
1642	[1642, 32760, 78493, 143153]
1644	[1644, 9552]
1645	[1645, 333442, 132161]
1649	[231582, 1649]
1654	[320131, 1654]
1655	[1655, 216861, 67827]
1657	[1657, 262651]
1660	[1660, 195919]
1661	[150149, 1661]
1663	[1663, 213895]
1664	[1664, 200137]
1665	[1665, 307538]
1667	[1667, 23568]
1668	[1668, 33337]
1669	[299713, 1669]
1670	[75382, 217634, 1670]
1673	[216730, 1673, 6412, 186419, 325594, 311618, 328347]
1674	[1674, 239319]
1677	[1677, 84233]
1684	[1684, 132004]
1685	[1685, 127870]
1686	[1686, 159060, 23822]
1689	[1689, 179957, 230956]
1690	[61891, 1690]
1691	[1691, 86254, 187069]
1692	[324924, 1692, 52911, 285492, 37847]
1693	[53794, 1693]
1694	[81545, 189329, 1694]
1695	[165719, 1695]
1696	[1696, 333589]
1699	[1699, 277783]
1701	[1701, 165777]
1702	[78236, 285591, 1702]
1705	[198193, 1705]
1707	[88722, 1707]
1708	[1708, 317568]
1709	[239121, 1709]
1710	[1710, 133047, 108240]
1711	[1711, 2269, 177623, 176436, 54493, 281429, 177673]
1714	[54800, 1714]
1716	[268313, 84864, 1716]
1718	[274348, 1718, 314235]
1723	[1723, 282579]
1724	[301113, 1724]
1727	[69426, 1727, 117728]
1728	[1728, 114802]
1730	[196314, 1730, 219126]
1731	[1731, 294830]
1733	[1733, 143094, 177039]
1740	[1740, 113368]
1745	[1745, 93033]
1747	[1747, 249361]
1748	[258958, 146669, 1748, 155096]
1751	[1751, 269972]
1752	[146026, 1752]
1753	[1753, 82650]
1754	[1754, 41271]
1755	[1755, 281148]
1756	[1756, 106284]
1766	[1766, 45919, 118128, 300480, 317833]
1767	[1767, 240024, 170788]
1768	[142179, 1768]
1773	[302643, 1773]
1776	[1776, 235485]
1778	[1778, 53597, 8813, 250318, 208206]
1779	[163876, 130536, 1779]
1781	[92466, 1781, 48140]
1784	[253004, 28983, 1784, 131202, 190100]
1785	[182840, 1785, 112517]
1786	[1786, 328336]
1789	[1789, 68416]
1790	[148129, 293165, 1790]
1791	[11086, 1791]
1792	[1792, 307863]
1793	[293852, 1793, 173683]
1795	[55809, 1795, 7547, 20162, 9957, 332779, 41049, 17864, 175560, 82618]
1799	[1799, 223673]
1803	[1803, 204766]
1804	[185413, 129256, 218195, 1804]
1806	[19984, 152139, 1806]
1811	[1811, 200582, 92972, 112128]
1812	[201561, 1812]
1813	[115018, 1813]
1814	[266042, 15698, 1814]
1815	[45345, 1815]
1818	[39340, 1818]
1820	[313457, 1820]
1821	[111602, 1821]
1823	[312840, 1823]
1829	[287873, 1829]
1830	[1830, 108833, 186174, 219356]
1833	[1833, 101336]
1836	[293679, 104782, 1836]
1839	[263302, 1839]
1843	[1843, 104227]
1844	[1844, 70228]
1846	[44243, 1846]
1847	[226362, 1847]
1848	[303070, 52234, 157218, 1848]
1849	[276546, 1849, 283394]
1857	[297002, 1857]
1859	[116493, 248426, 1859, 229172, 192870]
1860	[1860, 221424, 108628]
1861	[80344, 1861]
1862	[1862, 193849, 209108]
1865	[1865, 49490]
1868	[34891, 1868, 333434]
1870	[1870, 123053]
1872	[1872, 281485, 322238]
1874	[1874, 282416]
1876	[1876, 292227, 259490]
1878	[1878, 210654]
1880	[84842, 1880, 251846]
1881	[14287, 1881]
1882	[1882, 76704]
1883	[92585, 1883]
1885	[1885, 20062]
1886	[1886, 31592, 40452]
1888	[1888, 48742, 314907]
1889	[48694, 1889]
1890	[77058, 1890]
1891	[1891, 308764]
1892	[1892, 154800]
1894	[252049, 1894]
1896	[74150, 1896, 219960, 89237]
1897	[330195, 1897, 130844]
1898	[1898, 111146]
1900	[287452, 1900]
1906	[316837, 1906]
1912	[191851, 1912]
1913	[281248, 213800, 191731, 1913, 261416]
1916	[247653, 1916]
1920	[1920, 184319]
1921	[1921, 304372, 88886]
1923	[328683, 1923]
1925	[150468, 1925]
1927	[1927, 138672, 2705, 166157]
1930	[1930, 24741]
1934	[264001, 191925, 181739, 1934]
1935	[239586, 302436, 221319, 278399, 77565, 317278, 70352, 139488, 1935, 289794]
1936	[176911, 1936]
1938	[177569, 1938]
1942	[1942, 44157]
1943	[1943, 186669, 317067]
1952	[1952, 192508, 145648]
1954	[1954, 74063]
1956	[212490, 295123, 1956]
1964	[1964, 87202]
1965	[1965, 207760]
1966	[245899, 1966]
1967	[207575, 98831, 1967, 3209]
1973	[263110, 1973]
1974	[106772, 1974]
1975	[1975, 289266]
1976	[1976, 325471]
1979	[20829, 284299, 1979]
1980	[286770, 1980]
1981	[1981, 150433, 264987]
1984	[1984, 315488]
1985	[1985, 109284, 137394]
1986	[1986, 135919]
1987	[1987, 182636, 147663, 78063]
1988	[301499, 12308, 328270, 243807, 267271, 117383, 153948, 1988]
1991	[5591, 303716, 68986, 263047, 62722, 330395, 78366, 227252, 307470, 1991, 152644, 151620, 88423, 199662]
1992	[1992, 148238, 247491]
1997	[1997, 38943]
1998	[1998, 309672, 276515]
2000	[320106, 2000]
2001	[2001, 189658]
2002	[2002, 198253]
2003	[143278, 2003]
2007	[2007, 120635]
2013	[54175, 2013]
2015	[2015, 43210]
2016	[2016, 197360]
2017	[2017, 159522]
2018	[2018, 143897, 238489, 281829]
2019	[2019, 61039]
2021	[203673, 2021]
2022	[140301, 245464, 2022, 232951, 171550]
2023	[252991, 2023]
2024	[2024, 278790]
2033	[19138, 248961, 2033]
2038	[2038, 246919]
2040	[219689, 2040]
2042	[78566, 2042]
2044	[266058, 2044]
2047	[2047, 286216]
2053	[60352, 2053, 69759]
2055	[304779, 2055]
2056	[173016, 2056]
2059	[2059, 190113]
2062	[314638, 2062]
2063	[133763, 2063]
2064	[95555, 2064]
2066	[118210, 2066]
2067	[332295, 2067]
2069	[2069, 204791]
2070	[2070, 4096, 168349, 2773, 33364, 246788, 62887, 173224, 69024, 102659]
2071	[286827, 2071]
2074	[238446, 2074]
2076	[324558, 2076]
2078	[229655, 2930, 150303, 2078, 267563, 267030, 32711]
2081	[2081, 251542]
2084	[2084, 103418]
2093	[250243, 2093]
2095	[261624, 2095]
2096	[310844, 2096]
2097	[153546, 128080, 2097]
2102	[242249, 2102]
2103	[2103, 11222]
2106	[2106, 260086, 5312, 232269]
2107	[2107, 268612, 175434]
2108	[2108, 42387, 93309, 326896]
2111	[2111, 218393, 53151]
2114	[2114, 138898, 36537]
2115	[2115, 61356]
2116	[2116, 47894]
2117	[94445, 2117]
2119	[2119, 105361]
2120	[195567, 181114, 2120]
2122	[33540, 2122]
2123	[2123, 332911]
2126	[241467, 44114, 2126, 31688]
2127	[2127, 44233]
2129	[2129, 197781]
2130	[2130, 214588]
2131	[2131, 70296]
2138	[20741, 2138, 76631, 105237]
2139	[2139, 241495]
2143	[67310, 2143]
2149	[271926, 327182, 2149, 77740, 46311, 108328, 327964]
2152	[292403, 252562, 2152]
2154	[236409, 2154, 43933]
2157	[196837, 2157]
2158	[2158, 152112]
2163	[2165, 2163]
2166	[2166, 100773, 275911]
2167	[2167, 230525]
2169	[2169, 39796]
2172	[191677, 2172]
2174	[68565, 2174]
2176	[2176, 179873]
2177	[2177, 320652]
2180	[2180, 332617]
2182	[149875, 2182]
2184	[274458, 2184]
2185	[206431, 2185]
2187	[2187, 31040]
2189	[2189, 144571]
2191	[2191, 106918]
2195	[2195, 127890]
2196	[124321, 2196]
2197	[2197, 302067]
2198	[228550, 2198]
2201	[172138, 2201]
2202	[2202, 55516]
2205	[2205, 118631]
2207	[2207, 298899, 66729, 3394]
2209	[117187, 2209]
2211	[186141, 2211, 308677]
2213	[2213, 88105]
2215	[2215, 288424]
2218	[2218, 166065, 148670]
2219	[124930, 280088, 102303, 6415, 120735, 2219]
2220	[2220, 130524]
2222	[2222, 111427]
2223	[2223, 132705]
2224	[2224, 224286]
2225	[195479, 2225]
2226	[110028, 2226, 280422]
2227	[2227, 64135, 244047, 25722]
2229	[2229, 64184]
2235	[11082, 2235]
2237	[2237, 239073]
2238	[56677, 2238]
2239	[2239, 85747]
2244	[2244, 114601, 276085]
2246	[2246, 7945, 232411]
2253	[109578, 101584, 2253, 260875, 261977, 149045]
2254	[291645, 2254]
2257	[2257, 241185, 220077]
2258	[273509, 312601, 2258, 317268, 307047]
2259	[82415, 116045, 2259, 177108]
2260	[44388, 2260]
2261	[322648, 2261]
2265	[220405, 2265]
2266	[130020, 273540, 2266]
2268	[2268, 125793]
2270	[4312, 23433, 47077, 262964, 2270]
2273	[330935, 2273]
2274	[106268, 2274]
2276	[2276, 54536]
2280	[241663, 2280]
2281	[171190, 15253, 2281]
2282	[256676, 209047, 2282]
2285	[307238, 2285]
2287	[2287, 189244]
2288	[2288, 186489]
2290	[2290, 310902]
2291	[69688, 77000, 192576, 160343, 316687, 2291]
2295	[287784, 2295]
2297	[278009, 2297]
2299	[2299, 23324]
2300	[2300, 52438]
2301	[41132, 65048, 2301]
2303	[2303, 7666, 254142, 168693]
2304	[2304, 18524]
2305	[76263, 2305, 111028, 272459, 242904, 51328, 224702]
2306	[2306, 277592]
2307	[246116, 2307]
2308	[268976, 43986, 2308, 139593]
2310	[12250, 2310, 53826]
2313	[220768, 2313]
2315	[2315, 303422]
2316	[130341, 2316, 168566, 108441, 180777]
2317	[2317, 256431]
2318	[183134, 2318, 104637]
2319	[11290, 2319]
2322	[2322, 80934]
2325	[291547, 2325, 119649, 204109]
2328	[2328, 18088]
2334	[294105, 2334, 6400]
2337	[274819, 2337]
2338	[2338, 47109]
2339	[2339, 214838]
2343	[214620, 2343, 24488]
2345	[2345, 306651, 146011]
2346	[2346, 50347]
2347	[2347, 197298]
2348	[2348, 328668]
2349	[2349, 183160]
2350	[196293, 2350]
2351	[173359, 2351]
2353	[99570, 2353, 90927]
2355	[18147, 2355, 142592, 13557]
2356	[217007, 67221, 2356, 104136, 202381, 291962, 329433]
2359	[140570, 2359]
2362	[298911, 2362, 228019]
2364	[184942, 299016, 6299, 95205, 2364, 48241]
2373	[227551, 2373, 82808]
2378	[264057, 2378, 264063]
2381	[80148, 2381]
2386	[2386, 321569]
2387	[296507, 2387, 111285]
2388	[2388, 225563, 232134]
2390	[85765, 2390]
2394	[307591, 282981, 2394]
2395	[293037, 2395, 259662, 256946]
2396	[59605, 205377, 2396]
2398	[2398, 93903]
2399	[2399, 89465]
2400	[227939, 2400, 51501, 182043]
2401	[2401, 192729]
2408	[79117, 59315, 278139, 2408]
2411	[110830, 2411, 47289]
2412	[2412, 80017]
2416	[2416, 169930, 88179]
2417	[165846, 2417]
2418	[287398, 115299, 70041, 2418]
2421	[93642, 194721, 2421, 94230, 5804]
2422	[2422, 17922]
2423	[2423, 43609, 273686, 263135, 225523, 4975]
2426	[2426, 6012]
2432	[76585, 2432, 299430]
2433	[207549, 2433, 311581]
2436	[67686, 2436, 310726]
2437	[2437, 282166, 172099]
2439	[8267, 163072, 2439]
2441	[2441, 15389]
2445	[2445, 218172]
2447	[2447, 168863]
2448	[2448, 99526, 119965, 275273]
2451	[213708, 2451]
2459	[2459, 168115]
2462	[2462, 15346]
2463	[2612, 122047, 2463, 333854, 32406, 22610]
2468	[2468, 313750]
2475	[172578, 2475]
2476	[9454, 2476]
2477	[53908, 2477]
2479	[2479, 332072, 264846, 41634]
2481	[5850, 333082, 2481, 330819, 332258]
2482	[123779, 154833, 2482]
2484	[2484, 111638]
2486	[2486, 2494, 44296]
2490	[277038, 2490]
2491	[97874, 2491]
2493	[2493, 285272]
2499	[2499, 204295]
2500	[2500, 21715]
2502	[2502, 182195]
2504	[2504, 8868, 230888]
2505	[5469, 2505]
2506	[143077, 154359, 200332, 2506]
2515	[2515, 145070, 215938]
2518	[315635, 2518]
2521	[2521, 290015, 249800, 63119]
2523	[2523, 92161]
2527	[268724, 150745, 137052, 2527]
2535	[104917, 2535, 209680]
2538	[84189, 2538]
2546	[2546, 12374]
2548	[2548, 322316]
2549	[243338, 209076, 2549]
2551	[2551, 195994]
2552	[2552, 79560]
2553	[252534, 2553]
2554	[2554, 76608]
2555	[2555, 20384, 62203]
2557	[2557, 41215]
2558	[2558, 324433]
2560	[8468, 9359, 25597, 2560]
2561	[2561, 223689]
2562	[2562, 224676, 303394, 163465]
2567	[2567, 301310]
2572	[2572, 304169]
2573	[2573, 21634]
2574	[2574, 161776]
2576	[5609, 2576]
2578	[2578, 292930]
2579	[2579, 100788]
2580	[261561, 314969, 119205, 55226, 310568, 167811, 215629, 257693, 155429, 2580]
2582	[114295, 2582]
2584	[194989, 2584]
2587	[2587, 317679]
2590	[43663, 2590]
2591	[262079, 40314, 247479, 126365, 2591, 199205, 130769]
2594	[230798, 47009, 230259, 194368, 142684, 33342, 150277, 2594, 7623, 102018, 328732]
2596	[99559, 2596]
2597	[9421, 192213, 2597, 247754]
2598	[328429, 2598]
2600	[2600, 173697]
2602	[2602, 225799]
2604	[79360, 2604]
2605	[199760, 185434, 2605]
2606	[72874, 2606]
2610	[2610, 223712]
2615	[29437, 2615]
2618	[296139, 2618, 156670]
2619	[38495, 279787, 288217, 2619]
2624	[2624, 290186]
2625	[2625, 208685]
2628	[98747, 137299, 2628, 284296]
2632	[320808, 2632, 267591]
2634	[119697, 2634]
2635	[2635, 182714]
2638	[2638, 261070]
2639	[115234, 2639]
2642	[198935, 2642, 331448, 187782]
2643	[2643, 106454, 222563, 204601]
2644	[2644, 22268]
2645	[2645, 331969]
2647	[2647, 182874, 263774]
2651	[13439, 2651]
2653	[2653, 50745]
2654	[2654, 63012, 8021, 75482]
2662	[2662, 15556, 44768]
2663	[280466, 102384, 2663, 219370]
2665	[279305, 2665]
2674	[2674, 43516]
2675	[298230, 2675, 313815]
2679	[2679, 275195]
2682	[188839, 2682]
2683	[2683, 266626]
2684	[145398, 2684, 93805]
2685	[2685, 283906]
2687	[2687, 178741]
2688	[2688, 301146]
2689	[2689, 328484]
2690	[241533, 184271, 202957, 2690]
2692	[200040, 2692]
2694	[122376, 2694]
2697	[2697, 271505]
2698	[60117, 2698, 121261]
2699	[2699, 75764, 298214]
2700	[242128, 4371, 2700, 257854, 43033, 277618, 51037, 158487, 309257]
2702	[2702, 133537]
2703	[153068, 2703]
2704	[232839, 277304, 158679, 2704]
2706	[2706, 209877, 8938]
2707	[2707, 148140, 51503]
2710	[2710, 69229]
2711	[2711, 276837, 137441]
2712	[2712, 156642]
2714	[6163, 73900, 7720, 24462, 36487, 334193, 145242, 197696, 204645, 104647, 2714]
2715	[161814, 2715]
2716	[192387, 318621, 2716]
2718	[256774, 61025, 2718, 29799]
2723	[2723, 15584]
2724	[2724, 265105]
2725	[158004, 279656, 33173, 2725]
2726	[324945, 141761, 2726]
2732	[2732, 297875]
2734	[2734, 11707, 23643]
2740	[2740, 68259]
2745	[2745, 223029]
2746	[2746, 114480, 117919]
2748	[289760, 2748, 237061]
2749	[71809, 2749]
2750	[2750, 122827, 123791, 20999]
2751	[2751, 45752]
2754	[2754, 38025, 172222]
2758	[183258, 2758]
2761	[2761, 199327]
2763	[71449, 2763]
2767	[2767, 331856]
2770	[60008, 2770, 225040]
2771	[17830, 2771]
2772	[2772, 281730]
2774	[2774, 148707, 40857]
2775	[2775, 272557]
2778	[2778, 39665]
2781	[2781, 192078]
2783	[2783, 251139]
2785	[2785, 275511, 201421]
2786	[2786, 75021]
2788	[2788, 206912]
2793	[242776, 166150, 2793, 122812]
2794	[236433, 2794, 13434, 190463]
2795	[2795, 144559]
2796	[2796, 237360]
2798	[261275, 2798]
2801	[2801, 150910, 183889]
2802	[149270, 2802]
2811	[2811, 243694]
2813	[268711, 2813]
2814	[139718, 2814]
2816	[53427, 2816]
2817	[67128, 2817]
2819	[148194, 2819, 320642]
2821	[2821, 239272]
2822	[2822, 150398]
2823	[2823, 10263, 147597]
2828	[7981, 141355, 135586, 89380, 87656, 36201, 28602, 6886, 2828]
2830	[164251, 284736, 2830, 15693, 172430]
2832	[2832, 226678]
2840	[247629, 2840]
2844	[2844, 99936, 48408]
2845	[2845, 86940, 234736]
2846	[209429, 2846]
2848	[287892, 2848]
2850	[85602, 2850, 8434, 232554]
2851	[12725, 2851]
2862	[2862, 111363]
2866	[2866, 296744]
2869	[156848, 2869]
2870	[198083, 2870, 109771]
2872	[2872, 48077]
2878	[2878, 117175]
2879	[195758, 2879]
2880	[2880, 231551]
2882	[225972, 2882]
2885	[2885, 110167]
2886	[2886, 77635]
2887	[2887, 103060]
2889	[2889, 222604, 106666]
2891	[297626, 2891]
2893	[2893, 113996, 195430]
2895	[35544, 2895, 51459]
2896	[2896, 15769]
2900	[2900, 116032]
2903	[130578, 2903]
2905	[166253, 2905]
2908	[212814, 2908, 234267]
2909	[228215, 2909, 228211, 47287, 205822]
2912	[40392, 210927, 2912]
2913	[71982, 2913]
2919	[2919, 43969]
2920	[2920, 57089]
2925	[292989, 2925]
2926	[226774, 312635, 278184, 2926, 312068, 165891]
2927	[130965, 2927]
2928	[333310, 2928, 331146]
2932	[2932, 93700]
2934	[297813, 2934]
2940	[2940, 322739]
2942	[206603, 2942]
2945	[112720, 270643, 317144, 8086, 2945]
2946	[132107, 2946]
2947	[10634, 2947]
2954	[2954, 249002, 172985, 27478]
2956	[205053, 231633, 2956]
2957	[155945, 2957]
2958	[274919, 296279, 2958]
2960	[2960, 30066, 75216, 312939]
2961	[2961, 130016, 105335]
2965	[298121, 2965]
2967	[3436, 75684, 2967]
2968	[111850, 2968]
2969	[281205, 15843, 122728, 308439, 2969]
2977	[2977, 170875]
2979	[15896, 2979]
2980	[105587, 2980, 252019]
2982	[207083, 157960, 2982]
2983	[2983, 291242, 314223]
2984	[2984, 240524]
2985	[2985, 222975]
2988	[2988, 293450]
2990	[2990, 291991, 315102]
2991	[311556, 2991]
2992	[2992, 265207]
2993	[2993, 161671, 63910]
2995	[2995, 107549]
2996	[2996, 74822]
2997	[2997, 167697]
2999	[2999, 328842]
3001	[212771, 3001]
3003	[3003, 270498]
3004	[114100, 3004, 182645, 44074]
3005	[3005, 109880]
3009	[3009, 331383, 268847]
3013	[3013, 293057]
3014	[3014, 293298]
3016	[3016, 267454]
3017	[3017, 275817]
3021	[3021, 7804]
3024	[3024, 99325, 179589]
3026	[3026, 93250]
3027	[3027, 106956, 37863]
3028	[3028, 105933]
3032	[284305, 3032, 198599]
3033	[157971, 3033, 291094]
3035	[3035, 86885]
3037	[3037, 181060, 117070, 232257]
3046	[3046, 118361]
3047	[240874, 31027, 3049, 3047]
3050	[29431, 236075, 222088, 170556, 192251, 3050]
3053	[3053, 84295]
3055	[287354, 3055]
3058	[3058, 44491]
3061	[211441, 286934, 28914, 3061]
3063	[208490, 323139, 3063]
3065	[296826, 3065]
3067	[326315, 3067]
3068	[162747, 3068, 324455]
3074	[55504, 3074]
3076	[6039, 121906, 3076]
3077	[3077, 237974]
3081	[3081, 203429, 213576]
3083	[42643, 3083, 172340]
3086	[3086, 278484]
3089	[301664, 3089]
3091	[3091, 75726, 16541, 4358]
3092	[3092, 58197]
3093	[3093, 194983, 127660, 301155]
3094	[261670, 251450, 6422, 3094]
3099	[302593, 3099]
3100	[303469, 3100]
3102	[65010, 3102]
3105	[3105, 179576]
3107	[3107, 15417]
3110	[211516, 3110]
3117	[3117, 251777]
3119	[53671, 3119, 50979, 123284]
3120	[5595, 3120]
3123	[3123, 236975, 45181]
3125	[254654, 3125]
3126	[3126, 296244]
3129	[3129, 127297]
3130	[3130, 212488]
3131	[302304, 3131, 302301]
3134	[69754, 28320, 3134]
3135	[304118, 3135, 88359, 19076]
3136	[3136, 319688]
3139	[3139, 75227, 29499, 52756, 186136, 232756]
3140	[47465, 3140]
3141	[160416, 13100, 133531, 5003, 171518, 3141, 107296]
3143	[3143, 152650]
3145	[242611, 3145]
3146	[220857, 3146]
3148	[3148, 132026]
3150	[70793, 3150]
3154	[3154, 159312]
3156	[3156, 217900]
3161	[327915, 3161]
3166	[3166, 16051]
3169	[3169, 182936]
3170	[3170, 46005, 305265]
3177	[3177, 183264]
3178	[3178, 182194]
3179	[128021, 71467, 3179, 158812, 170798]
3181	[3181, 213296]
3182	[53301, 3182]
3183	[257645, 253330, 3183]
3185	[3185, 127341]
3189	[30284, 3189]
3191	[3191, 297629]
3192	[3192, 180420, 311722, 21560, 49389, 16217, 8957, 147295, 289430, 202588, 142937]
3197	[68651, 3197]
3198	[212430, 3198]
3199	[3199, 67493]
3203	[3203, 31196]
3204	[3204, 70123]
3207	[3207, 213163]
3210	[3210, 33906]
3211	[17850, 3211]
3212	[275843, 3212]
3215	[3215, 94374]
3220	[292543, 3220, 161938]
3226	[196701, 3226]
3228	[9476, 3228]
3229	[3229, 323187]
3231	[3231, 23314]
3234	[3234, 185176, 173792]
3242	[3242, 113096]
3243	[197415, 3243]
3244	[228121, 305803, 3244]
3245	[3245, 330007]
3247	[303567, 3247]
3248	[3248, 60827, 298751]
3250	[176314, 3250]
3251	[89523, 128219, 3251]
3255	[304965, 78887, 3255, 313130]
3258	[3258, 139331]
3259	[3259, 176191]
3262	[3262, 32515]
3263	[3263, 32514]
3266	[3266, 202538]
3267	[201807, 207529, 185847, 3267]
3273	[45343, 3273]
3277	[144004, 3277]
3278	[107502, 3278]
3280	[3280, 256758, 124640, 27215, 71967]
3282	[104915, 90188, 297979, 3282]
3287	[3287, 316684]
3288	[3288, 206214]
3289	[3289, 17506]
3291	[3291, 304511, 311299]
3294	[262187, 151349, 3294]
3296	[23377, 3296]
3297	[304034, 3297, 46518]
3299	[123226, 3299]
3300	[175876, 3300]
3301	[3301, 112144]
3302	[127050, 3302, 96711, 304714, 283643, 221665, 73958]
3303	[3303, 316545]
3305	[178918, 333451, 3305, 130285, 181506, 8858, 331964, 47151, 230615, 281592, 99024]
3313	[233209, 3313]
3315	[3315, 32221, 98258, 11841, 121900, 3823]
3316	[41153, 3316, 311666, 6574, 263236, 210395, 89306, 73344, 315695, 88169, 122296, 148044]
3317	[3317, 99619]
3318	[3318, 185902, 239549, 13215]
3319	[5295, 89866, 37317, 3319]
3321	[145019, 3321, 174045]
3322	[229348, 3322, 204524]
3323	[121122, 174337, 3323]
3326	[3326, 264050, 18403]
3327	[3327, 92681]
3329	[3329, 167717]
3330	[183105, 18587, 311216, 241750, 3330, 47891]
3331	[216103, 3331]
3334	[3334, 144618]
3336	[180364, 3336, 7953]
3337	[3337, 311756]
3338	[3338, 91078, 187495]
3339	[3339, 143849]
3344	[203685, 3344]
3350	[104598, 3350]
3353	[3353, 153924]
3354	[3354, 269486]
3356	[3356, 123978]
3357	[3357, 93528]
3358	[142266, 3358, 188310]
3359	[3359, 124971, 4654, 109802]
3360	[219641, 3360]
3362	[3362, 40945]
3364	[14258, 3364]
3365	[296636, 268159, 3365]
3368	[3368, 9516]
3370	[332531, 3370]
3372	[114223, 3372]
3376	[331791, 246463, 230551, 3376, 254868, 148020, 327138]
3379	[101592, 3379]
3382	[76689, 46001, 3382]
3383	[117495, 35017, 3383]
3384	[49039, 3384, 327532]
3387	[304591, 3387, 203106]
3390	[3390, 126783]
3391	[128088, 3391]
3393	[182078, 3393]
3395	[217540, 3395]
3401	[300599, 244844, 3401, 157196]
3402	[3402, 117513, 173032]
3403	[3403, 10171]
3404	[205402, 3404]
3405	[3405, 42724]
3409	[107533, 257388, 3409]
3413	[3413, 101070]
3414	[3414, 238924]
3416	[3416, 214527]
3421	[319935, 240908, 3421, 312034]
3423	[3423, 298060]
3425	[3425, 144750, 144885, 4126]
3426	[3426, 109113]
3427	[3427, 231428]
3428	[3428, 15144, 42060, 257141]
3432	[3432, 301296]
3435	[3435, 13077]
3439	[3439, 15247]
3440	[170415, 330703, 3440, 224841, 3450]
3441	[3441, 208755, 153729]
3442	[211181, 3442]
3443	[3443, 199090]
3445	[252366, 3445]
3446	[3446, 212493]
3451	[28009, 3451]
3453	[96946, 16916, 10847, 38499, 3453]
3454	[3454, 51675]
3455	[3455, 13201]
3459	[3459, 182227]
3461	[34080, 3461]
3462	[3462, 43868]
3464	[3464, 304476]
3466	[3466, 79505, 42183, 167298]
3470	[85214, 3470]
3471	[283596, 3471]
3474	[273379, 3474]
3475	[3475, 118480]
3479	[3479, 334141, 7206, 328546]
3481	[236267, 128512, 3481]
3483	[41139, 3483, 302234]
3484	[295616, 3484]
3485	[58977, 3485, 86962, 136783, 5206, 8273]
3489	[3489, 290685]
3490	[309565, 3490]
3491	[311330, 3491]
3493	[3493, 154491]
3496	[3496, 128877]
3497	[299893, 3497]
3498	[86150, 195159, 65375, 3498, 272306]
3500	[3500, 147271]
3503	[3503, 115390]
3504	[3504, 92500]
3510	[3510, 160523]
3512	[3512, 85926, 113704]
3514	[3514, 181826]
3517	[63654, 3517]
3519	[310798, 3519]
3520	[3520, 204308]
3521	[119444, 3521]
3522	[3522, 98223, 98232]
3525	[234617, 3525, 163820, 310584]
3529	[53338, 3529]
3531	[196666, 3531]
3532	[71119, 79612, 3532]
3533	[3533, 46462]
3536	[3536, 222742]
3537	[3537, 74696, 45182]
3538	[3538, 270269]
3539	[298715, 3539]
3540	[333486, 3540]
3543	[130034, 3543]
3545	[3545, 47236]
3548	[3548, 255513, 151730, 168042]
3549	[3549, 10251]
3552	[52032, 145444, 156763, 3552]
3553	[3553, 107295]
3555	[3555, 269692]
3557	[10920, 3557]
3558	[3558, 62473, 227813]
3560	[241357, 3560]
3562	[321166, 293391, 143441, 3562]
3564	[267091, 3564]
3567	[3567, 55578]
3569	[3569, 181379, 73839]
3570	[122134, 264446, 87752, 3570]
3575	[3575, 329552]
3577	[67254, 3577]
3582	[285830, 5785, 27662, 3582]
3585	[168930, 3585]
3587	[7871, 167741, 80139, 3587]
3588	[294611, 3588, 297943, 241904]
3590	[53123, 3590]
3591	[159938, 3591]
3592	[82522, 101809, 263597, 3592, 37701]
3597	[256512, 3597, 155238]
3598	[3598, 296311]
3599	[3599, 109276]
3600	[3600, 108283, 309536]
3601	[3601, 134995]
3603	[3603, 176752]
3605	[200659, 3605]
3608	[305571, 264502, 3608]
3609	[88546, 3609]
3613	[3613, 199955, 12303, 208766]
3614	[3614, 166977]
3616	[100357, 3616]
3617	[3617, 308710]
3620	[3620, 306699]
3621	[3621, 196231, 3884]
3622	[3622, 125247]
3623	[3623, 292356]
3624	[3624, 155587]
3626	[3626, 183315, 221432]
3630	[286783, 3630]
3632	[81287, 3632]
3634	[333261, 3634, 268096, 334038]
3638	[3638, 35558, 232716, 145106]
3639	[3639, 231025, 147818]
3640	[3640, 225985]
3641	[3641, 142194]
3643	[104657, 3643]
3646	[288068, 208698, 145967, 3646, 121109]
3647	[227942, 3647]
3648	[251027, 100240, 5079, 205717, 3648]
3650	[3650, 290174]
3653	[3653, 294670]
3656	[325404, 3656]
3659	[249694, 16971, 3659]
3664	[241123, 3664]
3665	[101969, 3665]
3666	[54111, 3666]
3667	[231491, 3667]
3668	[192978, 3668]
3669	[187890, 222061, 66136, 271036, 63746, 3669]
3670	[264772, 3670, 199660, 223871, 112341]
3673	[3673, 38149]
3674	[3674, 201967, 24180]
3675	[21893, 3675]
3676	[3676, 43898]
3677	[67957, 3677]
3680	[3680, 4881]
3681	[258967, 3681, 65557, 167947]
3682	[175790, 157405, 3682, 59106]
3687	[17399, 314083, 3687]
3689	[3689, 175046]
3690	[3690, 246973]
3691	[3691, 39690]
3695	[108233, 3695]
3697	[290432, 3697, 268185]
3698	[16125, 3698]
3701	[163912, 3701]
3704	[3704, 270783]
3706	[3706, 159085]
3711	[333186, 3711]
3714	[252301, 301525, 120877, 3714]
3716	[3716, 310821, 259441]
3722	[3722, 268470]
3724	[161187, 3724, 181386]
3725	[47798, 3725]
3727	[3727, 298772]
3728	[3728, 144957]
3730	[280105, 302282, 225211, 3730, 99870]
3732	[66217, 3732]
3733	[139118, 3733]
3734	[3734, 42007]
3736	[156158, 189341, 3736]
3737	[3737, 81286, 311000]
3738	[327856, 3738]
3740	[282856, 3740]
3743	[43847, 3743]
3746	[3746, 21129]
3747	[249013, 3747]
3748	[3748, 261666]
3751	[3751, 58470]
3752	[177086, 3752]
3753	[72997, 3753]
3754	[19860, 3754]
3765	[143466, 3765]
3767	[129933, 3767]
3769	[94508, 70816, 3769]
3770	[213564, 3770, 3771, 46086, 44131]
3772	[3772, 107769]
3774	[3774, 325807, 60703]
3776	[68346, 61235, 3776]
3777	[17397, 3777, 71825]
3778	[292653, 3778]
3779	[73812, 130366, 3779]
3782	[3782, 80841, 189469]
3783	[3783, 40924]
3786	[95342, 3786]
3787	[210081, 118534, 3787]
3789	[3789, 295320]
3790	[3790, 141423]
3791	[3791, 329359]
3794	[3794, 35703]
3795	[284294, 92873, 3795]
3798	[255673, 3798, 226842, 190860]
3799	[332496, 3799, 332126]
3800	[3800, 231656]
3801	[198464, 161184, 3801]
3802	[74711, 3802]
3803	[3803, 119309]
3804	[3804, 135787, 269444]
3806	[3806, 296056]
3807	[169543, 3807, 119621]
3808	[3808, 73947]
3809	[3809, 278217]
3817	[3817, 40235]
3819	[3819, 61049]
3821	[290299, 3821]
3828	[3828, 80132]
3831	[258757, 117943, 3831]
3832	[3832, 224713]
3834	[201021, 3834]
3835	[334578, 3835]
3840	[3840, 181969, 59570]
3842	[3842, 254737]
3847	[3847, 326839, 172130]
3848	[3848, 186270, 176067]
3859	[3859, 252224, 87418, 38099]
3860	[236928, 316539, 3860, 331699, 73794]
3864	[149015, 3864]
3865	[231016, 3865]
3866	[314727, 88878, 3866]
3869	[3869, 260726]
3871	[106043, 3871]
3873	[124777, 306198, 3873]
3875	[194204, 3875]
3877	[278401, 160181, 14760, 87801, 3877]
3878	[184589, 3878]
3880	[3880, 164219, 236783]
3888	[38885, 3888, 86031]
3892	[315945, 121452, 3892, 314323]
3895	[23515, 187482, 8747, 3895, 98154]
3896	[3896, 234777]
3897	[237335, 3897, 15965]
3898	[212464, 173403, 3898]
3899	[161559, 236146, 3899]
3903	[3903, 245326, 298699]
3904	[3904, 141468]
3905	[3905, 106304]
3908	[3908, 98599]
3909	[121524, 3909, 272216]
3910	[14122, 3910]
3914	[3914, 327680]
3918	[3918, 40840]
3919	[3919, 74893]
3920	[319858, 3920]
3925	[3925, 37017, 137312]
3927	[3927, 311776]
3928	[311435, 3928]
3933	[123465, 3933]
3937	[3937, 97961]
3940	[272294, 3940]
3941	[164051, 3941]
3942	[134938, 3942]
3943	[210703, 3943]
3945	[32465, 213812, 177910, 3945]
3947	[3947, 70134]
3950	[120596, 3950]
3951	[3951, 207953]
3953	[3953, 248748]
3954	[257699, 32244, 3954]
3955	[89171, 75277, 3955]
3957	[3957, 266992]
3959	[3959, 331627]
3961	[3961, 312684]
3964	[282854, 260771, 3964]
3968	[3968, 144773]
3969	[3969, 308871]
3971	[36440, 3971, 97773]
3972	[327070, 163932, 6810, 3972, 311958]
3973	[245697, 3973, 13343]
3974	[3974, 18977]
3975	[203971, 41148, 3975, 76273]
3976	[3976, 89520]
3977	[298011, 160674, 3977]
3979	[3979, 98903, 91920]
3980	[132870, 150954, 311623, 3980, 51643, 6424, 67813, 61602, 74571, 215416, 317204]
3982	[3982, 300342]
3984	[3984, 98263]
3986	[3986, 63094]
3988	[57343, 3988, 288055]
3989	[50232, 107526, 3989]
3990	[38199, 3990, 37573]
3991	[228643, 75917, 3991, 172534, 291209, 46813]
3993	[290410, 3993]
3996	[277555, 3996]
3998	[74812, 3998, 300054]
3999	[42641, 254846, 3999]
4000	[74407, 4000, 302184, 4405, 128806]
4003	[101196, 144698, 4003, 285964]
4004	[134820, 4004, 238934, 289793]
4012	[112852, 4012]
4014	[312644, 4014]
4022	[4022, 315947]
4024	[4024, 273247]
4026	[4026, 107636, 203852]
4027	[284638, 4027]
4030	[4030, 9222]
4031	[4031, 292597]
4033	[4033, 273219]
4034	[307573, 4034, 155019, 18618]
4035	[70731, 4035]
4036	[4036, 114773]
4037	[57996, 77431, 316617, 4037, 78053]
4042	[4042, 325072]
4044	[4044, 189204]
4045	[4045, 326555]
4051	[4051, 152762]
4052	[4052, 180017]
4053	[4053, 182187]
4058	[147147, 4058]
4060	[209926, 77532, 176357, 329756, 158256, 4060, 77252]
4062	[4062, 151967]
4065	[4065, 14529]
4067	[4067, 227845]
4068	[108249, 4068, 222234]
4071	[4071, 21436]
4074	[4074, 156162]
4075	[4075, 299345]
4076	[4076, 145386, 88970]
4079	[283529, 4079]
4080	[307635, 288705, 4080]
4082	[334636, 4082]
4083	[289274, 4083]
4084	[4084, 74749, 151050]
4088	[4088, 118436]
4089	[4089, 75562]
4091	[78344, 4091]
4092	[87738, 4092]
4105	[44620, 4105]
4107	[4107, 269473]
4111	[254203, 4111]
4112	[189790, 4112]
4113	[4113, 100265]
4116	[4116, 85918]
4118	[25120, 4118]
4119	[71002, 4119, 90492]
4124	[4124, 225457]
4128	[18946, 4128]
4129	[4129, 86142]
4130	[4130, 329648, 319921]
4131	[4131, 249778]
4132	[4132, 234532]
4133	[4133, 201256]
4135	[4135, 7801, 31502]
4136	[93743, 4136]
4138	[207154, 4138, 31635]
4146	[4150, 74956, 121721, 4154, 312239, 4146, 120761, 178713, 4203, 4149, 4204, 273816]
4147	[4163, 4156, 317592, 4147, 9739]
4153	[58910, 4153]
4155	[4155, 4168, 127268]
4157	[82743, 273818, 120763, 23737, 4157, 163722, 312260]
4164	[4164, 4206]
4165	[4165, 157866]
4173	[4173, 198734]
4174	[4174, 220376]
4175	[4175, 123817, 120273]
4176	[4176, 123151]
4180	[170316, 4180]
4184	[4184, 144761]
4186	[4186, 233478]
4188	[4188, 208462, 145907]
4191	[105850, 4191]
4192	[83169, 4192, 191178]
4194	[4194, 135989]
4195	[4195, 118297]
4196	[4196, 249744, 46969, 185684]
4200	[4200, 223229]
4201	[28574, 4201, 161761, 8680]
4212	[4212, 16694]
4218	[292698, 4218]
4219	[225401, 4219]
4221	[4221, 255786]
4225	[135604, 4225]
4227	[43356, 162104, 4227]
4230	[4230, 140101]
4234	[136565, 4234, 76656]
4236	[333187, 4236]
4238	[9517, 4238]
4243	[4243, 140515]
4248	[76983, 4248]
4249	[26907, 4249, 50459]
4250	[310860, 4250, 259703, 316822, 81640, 63820, 300380, 259761]
4251	[4251, 297336]
4253	[4253, 68792]
4254	[4254, 247762]
4256	[4256, 34692]
4257	[4257, 32031]
4258	[155765, 4258, 329746]
4261	[4261, 189253]
4266	[4266, 236094]
4267	[4267, 45146]
4271	[4271, 300165]
4275	[34546, 4275]
4276	[4276, 15464]
4277	[4277, 107334, 160294]
4280	[237552, 322148, 4280]
4282	[4282, 68749]
4284	[4284, 254054]
4287	[190913, 4287]
4288	[4288, 251822]
4289	[152272, 270438, 169182, 4289, 97156, 182354]
4290	[111653, 4290]
4291	[115203, 4291]
4293	[4293, 14988, 303882]
4294	[4294, 121549]
4295	[4295, 312238, 311128, 212581, 116954, 297265]
4296	[4296, 165557]
4300	[4300, 218705]
4302	[4302, 14549]
4304	[4304, 289232]
4306	[88318, 4306]
4308	[287489, 4308]
4309	[4309, 266758]
4310	[201254, 4310]
4313	[4313, 129614]
4317	[242643, 4317]
4320	[4320, 205260]
4321	[326945, 12283, 4321]
4326	[304844, 4326]
4329	[4329, 289582]
4331	[14595, 4331, 126037]
4334	[4334, 317047, 265725]
4335	[4335, 164257]
4337	[106811, 4337]
4339	[4340, 39783, 39785, 122242, 4339]
4341	[99196, 4341, 110641]
4342	[4342, 293066, 210960]
4345	[180188, 4345]
4348	[265863, 252484, 4348]
4352	[4352, 69084]
4355	[33116, 4355]
4357	[33794, 4357, 64746]
4360	[4360, 164520]
4364	[115054, 4364, 63301, 180749, 290988]
4365	[4365, 110430]
4367	[4367, 43733, 263061]
4368	[221391, 4368, 317018, 95241]
4370	[4370, 282515, 31316]
4372	[4372, 85074]
4373	[4373, 88365]
4374	[4374, 315508, 45256]
4376	[4376, 149125]
4385	[209704, 4385, 57420, 35078]
4389	[116042, 4389]
4390	[64845, 4390]
4393	[4393, 288282]
4394	[4394, 144964]
4396	[4396, 255802]
4397	[4397, 267684]
4398	[316613, 4398, 132532]
4403	[322938, 4403]
4407	[98805, 4407]
4410	[152716, 4410, 299937, 40978]
4412	[263694, 263990, 4412]
4416	[16586, 106841, 4416]
4418	[179518, 4418]
4421	[168019, 4421, 23651]
4423	[122327, 4423]
4424	[100295, 4424]
4425	[4425, 24424]
4427	[92883, 196591, 4427]
4429	[47487, 4429]
4432	[92810, 4432, 184393, 102984]
4440	[287992, 4440]
4448	[28357, 4448]
4452	[306691, 4452, 176134]
4453	[221625, 6430, 4453, 318290]
4454	[278995, 4454, 273627]
4456	[139856, 4456, 327245, 8448, 11698]
4458	[10695, 4458]
4460	[318051, 4460]
4461	[4461, 99961]
4462	[66277, 4462]
4468	[77113, 4468]
4469	[4469, 30137]
4474	[324886, 4474]
4477	[4477, 291408]
4478	[4478, 214260]
4483	[4483, 24499]
4486	[80277, 4486]
4487	[4487, 35111, 312980]
4493	[289137, 4493, 240984, 90441, 93266, 16664, 181557, 97810, 113325, 187329, 40033, 200700, 121384, 278034, 275184, 248146, 192844, 34068, 68040, 6922, 269251, 190682, 4957]
4494	[4494, 135490]
4500	[4500, 123463]
4503	[4503, 53291]
4505	[33632, 137877, 254894, 4505]
4506	[154221, 244976, 61430, 282561, 175940, 305462, 4506]
4507	[4507, 332820, 332057]
4512	[331682, 4512]
4513	[145943, 4513]
4515	[330796, 4515]
4519	[4519, 236929, 227161]
4521	[18593, 4521, 67719]
4524	[40861, 4524]
4526	[4526, 244924]
4527	[107752, 106788, 4527]
4529	[4529, 86858]
4530	[4530, 32295]
4539	[259511, 174742, 4539]
4540	[4540, 88145]
4543	[294040, 4543, 148782]
4548	[32367, 4548]
4550	[326932, 246042, 143660, 224073, 4550, 210883, 205859, 288362]
4555	[271176, 4555]
4557	[300256, 50360, 319519, 4557]
4558	[4558, 267393]
4560	[4560, 280762, 303498]
4561	[4561, 195915, 271976]
4566	[4566, 303829]
4568	[4568, 212952]
4569	[4569, 220324]
4572	[46128, 4572, 230285]
4574	[143124, 4574]
4577	[241360, 4577]
4578	[116931, 4578]
4579	[36493, 4579]
4582	[310992, 137318, 4582]
4583	[171773, 4583, 25951]
4584	[4584, 131624]
4585	[4585, 21044, 89403]
4587	[4587, 212831]
4588	[4588, 143372, 287580]
4590	[4590, 277671]
4594	[4594, 314183]
4596	[134403, 4596]
4602	[68703, 4602]
4604	[293289, 4604]
4607	[4607, 167114, 110992, 84266]
4608	[4608, 218149]
4609	[4609, 227814]
4610	[251828, 4610]
4614	[279112, 4614]
4618	[4618, 232877]
4619	[332230, 93247, 4619, 170205, 186934]
4621	[297890, 4621]
4622	[300655, 34398, 126586, 4622, 37106]
4625	[113501, 205386, 4625]
4628	[4628, 286304, 22376]
4630	[326185, 4630]
4631	[235386, 92833, 237222, 4631, 129507, 96473]
4634	[73568, 4634]
4635	[4635, 34837]
4636	[311894, 131655, 151897, 145512, 4636]
4637	[294616, 4637]
4638	[204893, 4638]
4639	[4639, 31776]
4640	[71239, 4640]
4641	[151358, 4641]
4642	[292557, 4642, 96484]
4647	[23200, 4647]
4650	[4650, 289739]
4651	[100119, 4651, 77347]
4657	[201310, 4657]
4659	[91572, 4659]
4662	[4662, 225712]
4664	[4664, 81933, 171683]
4665	[4665, 124475]
4666	[111931, 123137, 334604, 7943, 4666]
4672	[4672, 256149, 318011, 279754, 209793, 293574]
4674	[4674, 54526]
4677	[329379, 4677]
4678	[110224, 4678, 253130]
4679	[272300, 4679]
4680	[4680, 152586, 58790]
4682	[122434, 4682]
4683	[4683, 36945]
4684	[249672, 4684]
4687	[31472, 4687]
4688	[84988, 206437, 4688]
4696	[4696, 241626]
4698	[4698, 121152]
4700	[268201, 4700, 201445]
4701	[301837, 4701]
4703	[210909, 4703]
4704	[4704, 188422]
4705	[4705, 64871, 133168]
4706	[4706, 270742]
4709	[4709, 194671]
4711	[14161, 4711]
4714	[217626, 4714]
4718	[4718, 221528, 267044, 73342]
4720	[4720, 150253]
4721	[280376, 4721]
4725	[99842, 4725]
4728	[4728, 218835]
4734	[134198, 4734]
4737	[168012, 4737]
4738	[4738, 250510, 171695]
4740	[304404, 286632, 4740, 44926, 263866, 13882, 44569]
4747	[103146, 207424, 4747]
4749	[4749, 131335]
4751	[4751, 238641]
4752	[275335, 4752, 284585]
4753	[141333, 133575, 4753]
4755	[60751, 4755]
4757	[210421, 88775, 121625, 4757]
4759	[176323, 269383, 4759]
4760	[200462, 4760]
4764	[4764, 133527]
4766	[134944, 281972, 4766, 96176]
4768	[89295, 4768]
4769	[302928, 4769]
4770	[4770, 259754]
4775	[4775, 145708]
4776	[20486, 4776]
4777	[4777, 298166]
4778	[31292, 4778]
4779	[61377, 4779]
4782	[205501, 4782]
4785	[128373, 4785]
4787	[114839, 4787]
4788	[140246, 4788]
4792	[4792, 58046]
4794	[187691, 4794]
4796	[4796, 266283]
4798	[249634, 4798, 20765]
4804	[4804, 250634]
4805	[4805, 107949]
4806	[4806, 12787]
4807	[4807, 294204]
4809	[248241, 4809, 97867]
4811	[266897, 149603, 4811]
4813	[295008, 187176, 4813]
4814	[219147, 4814]
4816	[4816, 90277, 254415]
4822	[315789, 4822]
4825	[304549, 189134, 4825]
4826	[4826, 9279]
4827	[4827, 117074]
4830	[4830, 183198]
4832	[220416, 4832, 314872]
4834	[327511, 4834]
4837	[4837, 187578]
4838	[4838, 188269]
4839	[4839, 162926]
4840	[309476, 4840]
4846	[17172, 4846]
4849	[4849, 36105, 197392]
4850	[4850, 186464]
4851	[278769, 4851, 273877]
4854	[234706, 4854]
4855	[179144, 4855]
4857	[93143, 4857, 161186]
4858	[64645, 4858]
4860	[119740, 4860]
4861	[213211, 4861, 325573]
4862	[29142, 4862]
4866	[61990, 4866]
4869	[95640, 4869]
4872	[247850, 4872]
4876	[89416, 4876]
4877	[156616, 4877]
4878	[94393, 4878]
4885	[4885, 149991, 15228]
4889	[271235, 4889]
4890	[252289, 4890]
4897	[274487, 4897]
4898	[132166, 4898]
4900	[159949, 4900]
4901	[129398, 4901]
4902	[239906, 4902]
4905	[157578, 4905]
4907	[4907, 78788]
4908	[4908, 12154, 87960]
4911	[106277, 4911]
4914	[4914, 69898]
4916	[4916, 51984]
4917	[83436, 90285, 4917, 74431]
4920	[261274, 4920]
4921	[14072, 4921]
4926	[4926, 144197]
4927	[4927, 177128]
4930	[249513, 4930]
4933	[62389, 4933]
4935	[295762, 4935]
4936	[4936, 83872, 186213]
4937	[4937, 192147, 328298]
4938	[4938, 124859]
4939	[156487, 203111, 4939, 258111]
4940	[4940, 43339]
4947	[4947, 183214, 225447]
4948	[4948, 187951, 324454]
4949	[4949, 34275]
4952	[4952, 46749]
4953	[4953, 193374]
4954	[260260, 267761, 4954]
4955	[149553, 4955, 334205]
4958	[4958, 86473]
4959	[4959, 302850]
4961	[320032, 4961]
4963	[302402, 249499, 4963]
4964	[4964, 217217]
4965	[58045, 4965]
4967	[220098, 201427, 4967]
4969	[4969, 109121]
4973	[76011, 248850, 4973]
4976	[84510, 4976]
4977	[293489, 4977]
4980	[4980, 108840]
4983	[4983, 106923]
4984	[4984, 311441]
4985	[4985, 61194]
4987	[128549, 4987]
4989	[282813, 4989]
4990	[52927, 4990]
4992	[4992, 55306]
4993	[4993, 75457]
4997	[148304, 98037, 4997]
4998	[300499, 222442, 4998]
5000	[5000, 315740]
5002	[5002, 280360]
5007	[210183, 320571, 5007]
5008	[184604, 288306, 5008, 155806]
5009	[236197, 5009]
5011	[67520, 34206, 5011]
5012	[282801, 5012, 137970, 182530]
5013	[138173, 5013, 208301]
5017	[332934, 5017]
5018	[311191, 34200, 325815, 145381, 5018, 290966, 74195]
5020	[5020, 327001]
5021	[5021, 229112, 65776, 190080]
5023	[5023, 73699, 17867]
5024	[5024, 99288]
5029	[247573, 5029]
5035	[301444, 5035]
5036	[210484, 5036, 157233, 90816]
5039	[141374, 29554, 138699, 137844, 127512, 5039, 73709]
5042	[5042, 260622]
5043	[110634, 5043, 97068]
5045	[5045, 175834]
5050	[132553, 47962, 5050]
5051	[253397, 5051]
5053	[5053, 320136]
5056	[265258, 5056, 212061, 213461]
5058	[5058, 94239]
5060	[5060, 258926]
5062	[46982, 149465, 5062]
5063	[5063, 75212]
5066	[109238, 5066, 116550, 252287, 7435]
5069	[5069, 319399]
5071	[291672, 5071, 231225, 207679]
5073	[182372, 221920, 218084, 5073]
5076	[5076, 29841, 111673]
5080	[7615, 5080, 48781]
5082	[176010, 5082]
5083	[248307, 5083]
5087	[5087, 27674, 275483]
5092	[271289, 5092]
5093	[118045, 5093]
5094	[27351, 279111, 5094]
5095	[330291, 103338, 5095]
5096	[5096, 234955]
5097	[5097, 87227, 104842]
5099	[271031, 5099]
5101	[5101, 69990]
5102	[16839, 5102, 10929]
5104	[71402, 5104]
5107	[5107, 197622]
5113	[124313, 5113]
5114	[306181, 5114]
5115	[5115, 50119]
5124	[187988, 5124, 66072]
5125	[5125, 130703]
5126	[5126, 271315]
5130	[5130, 192567, 329545]
5132	[5132, 307328]
5134	[5134, 89093, 77284, 319313]
5135	[125978, 5135]
5136	[329707, 5136]
5137	[297504, 5137]
5139	[110348, 209464, 5139]
5140	[5140, 125879, 314966, 109382]
5142	[5142, 60497, 60493]
5143	[5143, 184617, 228111, 179617, 52558, 249777]
5144	[5144, 43493]
5145	[5145, 205470, 180308]
5147	[5147, 235613]
5148	[5148, 274570]
5150	[21963, 5150]
5152	[5152, 222803]
5157	[44524, 238708, 133673, 5157, 321659]
5158	[270428, 211219, 5158]
5159	[233607, 5159]
5160	[314892, 5160]
5161	[258190, 5161]
5168	[5168, 312407, 89014]
5171	[241886, 162798, 5171]
5174	[5174, 88523, 231766]
5176	[197766, 5176]
5177	[5177, 265067]
5178	[5178, 58807]
5185	[5185, 170894]
5186	[5186, 62613]
5187	[5187, 246464]
5188	[5188, 327284, 182624]
5189	[5189, 37873]
5190	[236018, 5190]
5194	[269337, 5194, 184353]
5196	[5196, 127656, 322795]
5198	[314921, 5198, 183868, 36033]
5199	[286287, 5199, 16068, 133198, 85152]
5200	[5200, 258588, 88015]
5201	[5201, 68634]
5202	[72357, 5202, 6528]
5205	[5205, 54249]
5208	[84333, 5208]
5209	[313885, 73233, 127089, 5209]
5212	[111973, 5212]
5214	[5214, 66318]
5217	[217579, 5217]
5218	[292253, 5218]
5219	[168444, 5219]
5220	[5220, 302949, 240070]
5221	[5221, 17221, 39699]
5222	[5222, 73786]
5223	[5223, 266759]
5225	[216620, 5225, 150110]
5228	[296409, 303221, 5228, 111999]
5231	[5231, 90895, 76041]
5232	[5232, 172473]
5236	[5236, 52603]
5238	[126019, 149568, 5238]
5241	[5241, 218223]
5242	[5242, 110615]
5244	[5244, 111704]
5246	[317407, 5246]
5247	[236353, 5247]
5248	[215520, 5248]
5249	[116315, 5249]
5251	[5251, 191588]
5260	[316744, 5260]
5261	[5261, 74495]
5263	[5263, 5264, 5265]
5267	[200493, 5267, 132103]
5269	[244861, 42808, 5269]
5273	[5273, 251264, 231221]
5275	[232901, 5275]
5278	[259407, 5278, 236875]
5279	[76352, 5279]
5283	[5283, 148317]
5291	[267067, 5291]
5294	[5294, 46802]
5297	[5297, 116542]
5299	[30112, 112876, 5299]
5302	[253347, 5302]
5308	[5308, 99135]
5310	[5310, 288197]
5311	[308673, 5311, 136022, 249516]
5314	[311080, 5314]
5315	[5315, 294916]
5316	[130930, 5316]
5317	[40026, 5317]
5318	[37859, 35601, 260343, 5318, 25579]
5320	[143088, 5320, 239713]
5321	[5321, 160890, 219947]
5323	[5323, 75839]
5324	[71622, 290217, 144766, 14013, 5324, 173781]
5325	[319590, 5325, 117282]
5331	[5331, 252073]
5332	[5332, 131954]
5333	[193366, 5333]
5335	[5335, 251589]
5343	[5343, 81222]
5344	[171454, 15135, 264248, 5344, 294992, 142292]
5348	[112933, 5348]
5349	[290103, 322703, 5349]
5353	[5353, 237171]
5361	[5361, 271959, 14246, 256660, 44945]
5362	[5362, 70064]
5367	[5367, 304014]
5373	[179683, 5373, 170771]
5375	[303787, 5375]
5376	[281643, 5376, 329400, 86102]
5378	[40992, 5378]
5379	[196969, 5379]
5380	[157675, 5380]
5383	[5383, 142407]
5384	[5384, 295680]
5386	[5386, 197016]
5388	[312159, 5388, 251836, 105605]
5389	[105453, 5389, 223129]
5390	[187358, 5390]
5391	[116551, 41782, 6967, 5391]
5395	[5395, 197184, 270382, 139709]
5397	[5397, 297134]
5399	[5399, 106779]
5400	[5400, 216307]
5403	[183721, 164636, 5403]
5404	[144179, 5404]
5405	[113333, 41313, 5405]
5406	[168588, 5406]
5407	[5407, 58383]
5410	[5410, 262517]
5413	[163402, 5413]
5416	[121555, 5416, 58715]
5418	[78166, 260392, 5418]
5421	[31466, 5421]
5423	[28132, 226423, 98272, 220681, 5423, 304840, 23354, 297145]
5424	[7991, 214560, 5424]
5427	[5427, 86807]
5428	[22850, 78902, 5428]
5429	[227151, 312232, 5429, 85088]
5433	[92720, 5433]
5434	[133675, 5434]
5436	[5436, 134737, 31944]
5437	[110018, 5437]
5445	[66467, 5445, 142824]
5447	[171838, 5447]
5452	[5452, 289722, 334576]
5458	[203197, 232056, 5458]
5459	[180936, 5459, 117617]
5461	[5461, 237575]
5462	[5462, 223615]
5465	[286796, 5465]
5466	[5466, 147154]
5468	[157615, 5468]
5470	[5470, 61204, 46279]
5476	[214342, 5476]
5477	[225609, 5477, 187400, 104505]
5478	[40068, 148799, 5478]
5480	[161616, 280234, 35452, 82581, 5480]
5486	[5486, 276509]
5487	[48504, 5487]
5493	[5493, 160345, 266871, 36425, 9011]
5494	[43553, 5494, 221657]
5495	[5495, 195724, 145185]
5496	[5496, 101388]
5499	[184237, 5499, 73421]
5508	[5508, 151061, 60637]
5511	[138413, 318394, 5511]
5512	[203056, 5512]
5518	[324694, 5518]
5520	[5520, 308326]
5525	[279306, 5525, 126791]
5526	[5526, 305661]
5527	[100210, 5527]
5530	[5530, 84607, 204864]
5534	[5534, 307644]
5540	[5540, 65333]
5541	[5541, 89964]
5542	[5542, 68491, 191018]
5548	[272024, 5548]
5550	[5550, 295002]
5554	[300832, 5554]
5556	[218742, 5556]
5557	[5557, 146386]
5558	[153641, 5558]
5560	[5560, 198377, 16083]
5562	[302314, 5562, 258743]
5563	[5563, 302504, 264505]
5566	[5566, 333831]
5574	[67871, 5574]
5575	[5575, 70372]
5580	[5580, 201951]
5589	[5589, 214616, 115988]
5590	[113816, 5590]
5593	[153692, 5593, 314787, 146789]
5594	[5594, 133152]
5600	[5600, 69473]
5603	[19468, 5603]
5604	[274444, 5604]
5607	[5607, 152498, 304484, 153979]
5608	[5608, 37437]
5610	[324329, 180712, 42100, 5610, 104731]
5611	[5611, 89765]
5613	[184536, 5613]
5615	[5615, 189004]
5619	[5619, 5745, 293804, 322047]
5622	[136602, 5622]
5623	[5623, 123527]
5625	[289611, 5625]
5626	[160645, 5626]
5627	[5627, 53318]
5628	[111421, 5628]
5630	[5630, 261936]
5632	[203211, 5632, 34220, 88875]
5633	[214908, 5633]
5635	[5635, 263700]
5637	[66753, 5637]
5639	[249581, 5639]
5642	[5642, 276548]
5649	[89698, 5649]
5650	[252554, 5650, 161570]
5652	[5652, 332525]
5653	[154089, 5653]
5654	[170092, 5654, 5655]
5659	[162458, 5659]
5660	[143476, 5660]
5662	[5662, 243682, 272824]
5664	[5664, 23554]
5666	[130572, 5666]
5670	[92465, 5670]
5672	[273793, 5672]
5675	[224251, 5675]
5676	[96181, 201376, 10803, 5676]
5682	[5682, 150113]
5683	[5683, 228551, 180423]
5685	[5685, 14437]
5687	[5687, 330223]
5689	[5689, 79969, 291717, 23019]
5690	[5690, 82920, 330879]
5693	[5693, 207741]
5694	[132760, 5694]
5700	[60347, 5700]
5704	[5704, 225291]
5709	[324501, 5709]
5712	[315946, 5712]
5713	[321419, 139009, 5713, 22973]
5714	[206162, 5714]
5715	[186332, 5715, 162351]
5717	[5717, 318675]
5721	[74403, 5721]
5723	[252674, 5723, 72583]
5724	[17981, 5728, 103299, 5724, 17976]
5725	[178028, 5725]
5729	[5729, 31509]
5730	[239055, 28027, 5730]
5733	[311677, 5733]
5735	[25278, 5735]
5738	[194459, 5738]
5740	[5740, 256168]
5741	[11999, 5741]
5746	[215565, 5746]
5749	[63107, 333713, 115306, 5749]
5752	[5752, 221641]
5754	[5754, 196753]
5758	[144613, 5758]
5760	[5760, 237512]
5767	[5767, 70639]
5771	[5771, 264543]
5772	[98308, 71248, 5772, 17792]
5773	[174403, 5773, 131048]
5775	[301225, 5775]
5780	[5780, 271440]
5781	[58656, 5781]
5782	[5782, 204518, 312183]
5783	[5783, 73169, 207211]
5784	[5784, 301355]
5787	[160899, 5787]
5788	[5788, 200503]
5789	[239499, 5789]
5790	[5790, 32739, 165221]
5793	[5793, 302972]
5794	[5794, 128259]
5796	[5796, 108829]
5800	[5800, 151770]
5801	[96848, 5801]
5802	[65675, 25450, 5802]
5805	[5805, 316669, 91018]
5808	[5808, 117764]
5809	[5809, 130431, 317078]
5810	[5810, 314225]
5816	[5816, 97610]
5818	[5818, 126773, 33153, 122936]
5819	[110686, 5819]
5820	[172568, 5820, 110911]
5821	[148408, 5821, 196676]
5823	[87209, 5823]
5824	[50078, 5824]
5825	[230322, 5825]
5830	[5830, 226051, 299386]
5831	[5831, 164807]
5833	[33089, 222247, 5833]
5834	[125268, 5834]
5835	[172498, 5835, 277891]
5836	[133330, 5836]
5838	[5838, 59143]
5839	[5839, 307112, 258130]
5844	[236249, 5844]
5845	[5845, 333325]
5846	[128909, 39154, 101641, 5846]
5848	[120692, 279886, 5848]
5849	[5849, 114674, 166369, 149147, 114669]
5851	[79277, 5851]
5857	[244078, 5857]
5858	[266266, 5858]
5859	[129309, 5859]
5861	[5861, 271725]
5863	[146049, 150316, 5880, 320319, 5873, 5863, 5864]
5865	[5865, 278309, 5866, 5868, 5869]
5870	[5870, 5877]
5871	[5871, 266454]
5872	[89419, 5872]
5874	[5874, 180083, 128736, 115705]
5876	[78811, 5876]
5879	[217930, 5879]
5883	[19297, 5883]
5887	[226830, 5887]
5892	[5892, 96168, 213896]
5893	[330381, 5893, 95596]
5894	[5894, 68142]
5899	[88593, 5899]
5901	[319905, 306567, 297512, 5901, 303686]
5903	[5903, 31910]
5904	[5904, 72834, 281305, 323070, 36251]
5908	[5908, 49017]
5910	[84605, 5910]
5911	[190537, 5911, 263707, 206543, 38815]
5913	[145177, 5913]
5915	[5915, 50985]
5919	[5919, 47991]
5920	[5920, 187711]
5921	[5921, 50379]
5922	[210076, 5922]
5925	[287194, 5925]
5928	[5928, 212062]
5930	[5930, 27825]
5931	[5931, 206964]
5936	[158149, 99416, 292477, 16992, 257870, 5936]
5938	[5938, 139841, 243538, 200246]
5942	[5942, 103080]
5945	[150868, 26936, 150901, 210561, 169616, 225772, 315917, 262139, 5945, 270050]
5949	[5949, 108462]
5950	[17460, 5950]
5957	[18164, 205495, 228366, 5957]
5959	[5959, 97872, 74695]
5960	[317072, 5960]
5962	[5962, 320205]
5964	[177228, 5964, 142957, 11477]
5965	[5965, 261952]
5967	[163590, 5967]
5968	[332732, 5968]
5970	[5970, 171968, 6989]
5972	[5972, 197166]
5974	[5974, 180120]
5976	[5976, 301871]
5979	[90454, 61214, 74953, 280254, 92614, 116129, 182480, 5979, 25889]
5985	[238233, 72147, 5985]
5986	[222050, 5986]
5991	[5991, 32912]
5994	[5994, 51686]
5997	[9257, 5997]
5998	[304066, 5998]
5999	[108008, 5999]
6001	[6001, 312901]
6006	[272179, 6006]
6007	[6007, 75997, 186342]
6014	[6014, 143418, 309700]
6016	[6016, 131629]
6020	[6020, 194546]
6024	[6024, 23877]
6030	[296726, 237765, 6030]
6031	[6031, 139586, 38867]
6038	[6038, 255993]
6042	[6042, 96782]
6044	[279290, 6044, 249522, 180832, 266382]
6046	[6046, 175001]
6049	[51682, 6049]
6060	[6060, 36293]
6061	[77757, 6061]
6063	[287150, 6063]
6072	[48953, 6072]
6073	[179440, 6073]
6076	[6076, 50299]
6078	[6078, 283048]
6082	[230697, 168965, 6082]
6088	[6088, 74090]
6089	[6089, 210415]
6091	[318505, 6091, 257905]
6092	[193095, 6092]
6093	[79157, 97901, 63010, 52694, 96954, 6093, 194773]
6095	[66005, 11794, 6095]
6099	[6099, 48334]
6103	[6103, 75026]
6104	[24714, 6104]
6107	[202035, 263941, 50600, 6107, 38824, 195400]
6109	[6109, 188565]
6110	[6110, 303476]
6114	[127855, 6114]
6117	[6117, 113121]
6120	[6120, 105753]
6121	[54035, 6121, 6426]
6129	[196502, 272036, 6129, 7182]
6134	[6134, 18744]
6135	[284051, 6135]
6136	[6136, 315672, 47728]
6141	[6141, 124467, 147584]
6144	[6144, 229262, 169068]
6145	[76021, 6145, 63737]
6148	[206547, 6148]
6149	[6149, 295583]
6154	[6154, 312850]
6157	[6157, 206045, 292131]
6158	[6158, 330488, 28457]
6160	[158224, 24262, 6160, 135947]
6165	[6165, 69255]
6168	[82776, 6168]
6172	[228687, 6172]
6173	[292862, 6173]
6175	[6175, 134142]
6178	[6178, 259027, 248822]
6180	[272188, 6180, 293087]
6181	[268580, 6181, 268906]
6182	[174757, 6182, 185873]
6185	[6185, 118839]
6188	[6188, 214490, 105030]
6190	[215895, 6190, 331135]
6196	[6196, 272183]
6197	[6197, 212708]
6200	[6200, 147172]
6201	[6201, 326914, 7020, 37528]
6206	[192338, 6206]
6213	[6213, 215440]
6215	[6215, 315000]
6216	[6216, 324586]
6217	[195227, 6217]
6218	[317163, 6218]
6220	[8770, 6220]
6225	[285840, 6225, 262091]
6227	[61829, 6227]
6231	[6231, 283819]
6232	[6232, 283406]
6233	[31620, 6233, 287349]
6234	[6234, 204888]
6235	[6235, 15637]
6236	[330547, 6236, 154677, 94365]
6237	[292462, 6237]
6239	[148797, 6239]
6240	[6240, 269780]
6247	[6247, 332063, 70537]
6251	[6251, 301652]
6252	[6252, 269726, 156821, 148202]
6255	[18346, 6255]
6256	[6256, 66510]
6257	[6257, 204729, 276021, 288939]
6258	[6258, 103169]
6259	[234160, 149923, 6259]
6261	[6261, 323334]
6262	[6262, 274774, 174546]
6263	[6263, 332183]
6266	[6266, 149664]
6272	[149985, 6272]
6274	[6274, 125960]
6277	[85590, 6277, 26154]
6279	[212233, 6279]
6280	[146843, 6280, 131827, 168819]
6281	[216012, 79827, 6281]
6285	[6285, 324344]
6288	[6288, 126374]
6292	[322385, 6292]
6293	[153683, 320960, 204668, 6293]
6297	[6297, 119321]
6301	[158016, 6301]
6305	[6305, 301311]
6307	[238521, 6307]
6310	[6310, 248985]
6311	[6311, 137368]
6312	[6312, 128920]
6314	[22170, 6314]
6317	[212151, 256444, 6317, 233589]
6318	[6318, 271429]
6321	[6321, 13986]
6325	[251058, 53420, 6325, 238052]
6329	[6329, 209658]
6330	[299750, 6330]
6333	[6333, 94097]
6334	[6334, 99843, 87440]
6336	[6336, 287153]
6339	[191394, 6339, 249307, 9571]
6341	[6341, 276533]
6343	[6343, 301855]
6348	[6348, 272516]
6352	[6352, 313322]
6353	[6353, 9585, 149065]
6354	[282901, 6354]
6355	[6355, 69905, 38911]
6356	[6356, 178745]
6358	[11438, 51262, 6358]
6359	[6359, 163660]
6362	[6362, 299101, 301854, 288710, 300981]
6364	[157555, 6364, 54955, 172692]
6365	[6365, 289083]
6369	[6369, 83386, 246888]
6372	[6372, 17777]
6373	[6373, 246951]
6375	[6375, 193639, 193718]
6378	[6378, 104437]
6379	[184512, 6379]
6381	[35950, 6381]
6385	[6385, 186472]
6386	[6386, 39440]
6387	[103141, 6387]
6388	[64166, 6388, 75415, 139199]
6389	[6389, 150266]
6391	[67710, 6391]
6393	[35300, 6393]
6396	[6396, 322206]
6398	[6398, 243772, 248403]
6405	[314846, 6405, 121076]
6406	[130866, 6406]
6407	[56486, 92834, 6407]
6413	[53284, 6413, 199412]
6414	[167125, 6414, 62724]
6416	[6416, 173230]
6417	[62590, 6417]
6418	[18633, 6418]
6419	[215014, 102391, 97606, 10294, 226254, 24865, 135858, 6419]
6421	[71009, 6421]
6423	[21397, 6423]
6425	[6425, 104128]
6434	[107860, 146549, 6434, 134473]
6437	[6437, 252701]
6439	[258638, 90324, 26446, 6439, 21525]
6442	[6442, 283874, 28952]
6444	[186428, 6444, 281133, 177414]
6446	[26014, 6446]
6449	[192589, 6449, 282100, 91175]
6450	[6450, 181620]
6451	[6451, 322676]
6452	[6452, 114499]
6455	[6455, 198195]
6457	[295915, 6457, 302387]
6463	[6463, 48728]
6464	[295316, 6464, 84873, 100931]
6468	[6468, 164550]
6471	[6471, 197975]
6475	[6475, 171350]
6477	[6477, 220482]
6480	[17775, 6480]
6483	[6483, 330866]
6484	[6484, 6487]
6485	[164272, 6485]
6486	[6486, 242223]
6488	[58226, 6488]
6491	[36255, 6491]
6495	[104242, 6495, 93636]
6497	[261828, 6497, 328860]
6498	[6498, 143934, 149433, 64217]
6499	[6499, 241070]
6500	[6500, 141888]
6501	[228233, 6501]
6502	[6502, 53636]
6503	[322078, 142965, 6503, 247779, 163681]
6506	[6506, 183421]
6507	[318125, 6507]
6511	[174371, 6511]
6516	[197526, 304959, 208854, 6516]
6519	[32610, 6519]
6520	[6520, 17958]
6521	[288652, 6521]
6526	[6526, 9031]
6530	[6530, 62956]
6531	[6531, 129053]
6537	[6537, 67681]
6538	[77777, 145408, 6538]
6540	[191891, 68268, 6540, 67051, 250936, 318348, 174221]
6543	[6543, 35023, 91790]
6545	[65268, 6545]
6546	[88319, 6546, 267022, 233412, 137440]
6550	[6550, 112721]
6551	[6551, 227926, 319006]
6552	[6552, 88956]
6554	[229511, 6554, 147134]
6555	[6555, 290878, 176453]
6556	[41771, 6556]
6559	[6559, 141319]
6562	[6562, 218792, 102888]
6564	[6564, 247638]
6566	[34743, 6566]
6567	[6567, 132329]
6568	[6568, 319941]
6577	[6577, 72629]
6578	[120640, 6578]
6581	[198406, 6581, 242238, 70908]
6584	[6584, 33062]
6586	[6586, 55458, 223921]
6587	[180870, 17422, 6587]
6588	[6588, 291251]
6589	[6589, 241943]
6593	[6593, 168749]
6595	[229863, 6595]
6598	[237874, 6598]
6599	[6599, 194097]
6600	[312061, 6600]
6603	[302533, 230044, 126830, 6603]
6605	[6605, 219393]
6607	[245667, 229703, 6607]
6609	[6609, 63572]
6610	[168841, 6610, 272813]
6612	[73626, 6612]
6615	[303217, 6615]
6616	[6621, 247731, 6616]
6620	[6620, 65679]
6622	[6622, 46807]
6623	[6623, 156925, 184882]
6624	[6624, 268150]
6626	[246085, 6626]
6632	[202099, 6632]
6634	[257239, 6634]
6635	[260676, 6635]
6639	[29327, 6639]
6640	[9298, 6640, 196521, 195586]
6644	[286214, 6644, 127130]
6645	[6645, 249979]
6647	[6647, 33757]
6653	[40740, 6653]
6654	[27849, 6654]
6655	[164141, 93289, 44473, 6655]
6659	[180367, 161113, 6659]
6662	[6662, 63912]
6664	[324957, 6664]
6665	[6665, 259621]
6668	[51664, 6668]
6671	[6671, 313790, 6677, 231114]
6672	[6672, 103981]
6673	[6673, 75885]
6674	[6674, 217352]
6680	[6680, 313494]
6681	[6681, 282913, 228024, 221314]
6682	[194555, 6682, 237568]
6683	[6683, 251281, 300095]
6684	[125899, 6684]
6685	[225186, 6685]
6686	[269745, 6686]
6690	[167973, 6690]
6692	[6692, 50331, 165964, 291121, 8140]
6695	[6695, 73585]
6696	[6696, 201554, 246319]
6697	[6697, 150078]
6699	[6699, 165223]
6701	[242365, 6701, 245701]
6704	[224014, 173556, 172584, 6704, 200475]
6707	[6707, 33148, 187897]
6708	[6708, 22506]
6709	[6709, 20452, 272852, 272853, 8180]
6711	[157118, 6711, 51857]
6714	[18061, 25037, 6714, 292948]
6715	[122642, 6715, 121082]
6716	[158558, 232345, 6716]
6717	[109187, 6717]
6718	[6718, 99535, 184212]
6721	[136204, 6721]
6722	[6722, 196301]
6726	[192651, 6726]
6728	[204392, 6728]
6732	[171861, 173426, 6732]
6735	[298709, 6735]
6738	[150518, 6738]
6742	[6742, 183465]
6743	[150789, 6743]
6746	[6746, 105591]
6747	[161081, 6747]
6748	[144757, 6748]
6749	[11929, 6749]
6754	[6754, 225843, 325982]
6758	[42607, 6758]
6761	[6761, 163332]
6763	[225541, 6763, 178963]
6765	[234664, 6765]
6767	[146303, 6767]
6768	[7483, 6768]
6770	[6770, 61694]
6772	[6772, 234662]
6774	[6774, 331941]
6776	[6776, 36854]
6778	[54199, 309971, 259823, 231121, 297149, 283035, 23322, 6778, 292089]
6780	[6780, 136190]
6781	[40690, 6781]
6783	[6783, 310319]
6784	[6784, 272963]
6785	[41783, 6785]
6787	[19046, 6787]
6792	[54134, 6792, 204220, 27831, 265291]
6794	[6794, 107758]
6796	[60865, 6796]
6797	[316626, 6797]
6798	[6798, 327127]
6803	[6803, 220226]
6804	[156216, 6804, 23107]
6805	[290154, 6805]
6806	[6806, 188681]
6807	[6807, 42961]
6809	[6809, 203054]
6811	[110084, 6811]
6812	[6812, 222724, 226118]
6813	[81458, 79061, 6813]
6816	[40565, 6816]
6818	[6818, 242250]
6819	[6819, 326142]
6824	[152689, 300042, 6824]
6825	[107710, 6825]
6827	[64266, 248836, 6827, 217943]
6828	[6828, 127526]
6829	[6829, 175931]
6830	[114838, 6830]
6831	[211739, 77575, 6832, 6831, 11401]
6834	[247441, 6834]
6837	[326953, 123244, 6837]
6839	[6839, 183401, 78223, 80140]
6840	[304448, 6840]
6842	[84007, 6842]
6843	[6843, 148064, 148065]
6844	[8663, 42280, 6844]
6845	[167974, 6845]
6848	[92408, 211834, 6848]
6850	[325922, 6850]
6852	[6852, 49096]
6854	[312897, 6854, 300130]
6855	[177061, 6855, 60162]
6856	[181737, 6856]
6859	[113358, 6859]
6861	[147317, 6861]
6863	[196734, 6863]
6864	[155832, 6864]
6868	[216444, 6868, 207930]
6870	[169544, 6870, 155862, 7453, 49994, 64856, 307448, 49164, 208190]
6872	[197018, 6872]
6874	[243203, 6874]
6875	[6875, 229929, 204326]
6877	[287499, 6877]
6878	[140127, 6878]
6879	[287493, 6879]
6883	[6883, 287951, 249358, 96211]
6885	[6885, 105063]
6888	[231550, 6888, 207557]
6889	[184897, 6889, 184134]
6894	[42068, 6894, 310956]
6896	[121980, 6896]
6897	[6897, 31414]
6898	[74878, 6898]
6906	[6906, 103128]
6911	[118016, 6911]
6912	[41223, 6912]
6913	[6913, 328689]
6914	[150860, 6914]
6915	[300977, 6915, 282639]
6917	[6917, 286163]
6919	[6919, 145068, 129520, 287231]
6920	[276430, 6920]
6926	[225885, 6926]
6934	[98738, 6934]
6936	[266139, 6936, 192650]
6937	[176513, 6937]
6938	[6938, 113191, 160648, 64510, 96784]
6939	[6939, 127601, 54711, 298256]
6940	[11649, 6940]
6943	[53302, 6943]
6947	[50685, 6947]
6949	[6949, 82217, 187771]
6950	[6950, 15401]
6951	[238609, 6951]
6953	[175801, 6953]
6954	[116200, 6954]
6957	[304350, 6957]
6958	[314390, 6958]
6960	[6960, 216505]
6961	[6961, 283792]
6964	[6964, 173110]
6966	[87580, 171977, 6966]
6968	[6968, 90053]
6969	[98511, 6969]
6970	[6970, 22795]
6972	[43919, 6972]
6976	[11218, 6976]
6978	[96705, 198031, 182152, 6978, 8142]
6981	[6981, 19241, 326961]
6983	[107683, 6983]
6986	[237682, 6986]
6998	[88805, 6998]
7000	[7000, 316890]
7004	[7004, 260275]
7006	[123866, 7006]
7007	[7007, 146539]
7008	[7008, 164039]
7014	[18765, 7014, 304413]
7017	[7017, 333086]
7023	[7023, 318285]
7024	[7024, 77627]
7026	[7026, 138246]
7027	[7027, 127884]
7036	[7036, 42755]
7038	[7038, 330566]
7039	[236153, 7039, 208201]
7040	[7040, 142958]
7046	[7046, 285737]
7049	[7049, 275759]
7050	[111921, 7050]
7056	[7056, 273378]
7060	[287312, 7060]
7061	[150566, 224358, 7061]
7064	[47630, 7064]
7068	[7068, 124263]
7071	[200556, 7071, 68066]
7075	[253988, 7075]
7076	[7076, 82005]
7079	[7079, 255497]
7080	[199838, 7080]
7081	[7081, 162880]
7082	[237565, 7082, 188157]
7083	[7083, 334227]
7086	[80004, 7086]
7091	[76058, 7091]
7092	[323926, 7092]
7094	[29756, 7094]
7096	[257406, 287722, 7096, 109690]
7097	[169923, 7097]
7099	[7099, 308143, 82088]
7102	[7102, 294302, 226250]
7103	[320163, 7103]
7108	[34730, 7108]
7109	[212683, 7109]
7110	[7110, 205986]
7111	[7111, 314570]
7112	[126715, 7112, 139677]
7113	[7113, 46384]
7117	[7117, 316027]
7118	[7118, 297137]
7119	[7119, 99111]
7120	[7120, 158320]
7123	[7123, 126269, 150124]
7125	[7125, 38504]
7126	[167090, 7126]
7129	[175408, 105134, 7129, 242174]
7132	[7132, 324130, 103945]
7133	[7133, 242218]
7134	[7134, 125575]
7135	[62608, 173951, 7135]
7136	[48957, 7136]
7138	[292454, 7138]
7140	[262208, 7140]
7141	[267318, 7141]
7142	[7142, 216760]
7143	[7143, 264582]
7146	[204004, 7146]
7147	[228423, 226355, 45745, 7147, 311634, 223574, 193813, 185956, 170161, 187286]
7152	[214749, 7152]
7153	[7153, 242756]
7154	[7154, 112665, 14358]
7159	[190280, 7159]
7162	[7162, 243614]
7163	[328573, 7163]
7164	[298880, 7164]
7169	[39141, 7169]
7172	[62175, 7172]
7173	[302681, 7173]
7174	[68515, 174070, 273347, 7174]
7180	[288349, 7180]
7184	[248891, 7184]
7187	[7187, 111269]
7188	[7188, 108103]
7190	[47910, 7190]
7192	[7192, 212213]
7196	[143209, 7196]
7199	[7199, 196391]
7202	[140937, 7202]
7204	[308155, 7204]
7207	[163035, 7207, 92849]
7208	[7213, 271466, 7208]
7210	[7210, 76511]
7216	[287835, 7216]
7217	[173293, 133211, 7217]
7219	[164600, 7219, 296918]
7222	[7222, 244748]
7227	[33264, 7227, 81839]
7229	[64038, 7229, 78519]
7235	[218844, 7235, 216119]
7237	[7237, 113270]
7239	[154622, 7239]
7245	[13160, 189121, 7245, 48622, 297546, 55291, 71056, 165214, 35804]
7246	[7246, 37786]
7247	[7247, 29281]
7249	[291185, 7249]
7250	[246914, 205830, 7250]
7251	[312448, 7251]
7255	[7255, 315286]
7257	[308241, 158841, 7257, 89714, 92392]
7263	[7263, 137937]
7265	[280834, 7265, 279412, 51555]
7266	[7266, 276513, 181619]
7271	[89959, 7271, 302199]
7272	[118023, 7272]
7274	[7274, 154346]
7275	[7275, 299603, 305946]
7279	[244426, 7279, 264393]
7280	[288854, 7280]
7284	[285564, 7284]
7288	[7288, 121758]
7290	[196600, 279895, 63224, 187433, 7290]
7291	[115085, 300476, 7301, 7303, 7291]
7293	[198957, 135788, 7293]
7294	[49225, 7294]
7296	[7296, 173582]
7298	[7298, 147061]
7299	[7299, 119049]
7304	[269711, 192060, 7304]
7305	[7305, 189752]
7306	[12606, 7306]
7309	[7309, 133605]
7310	[7310, 258921]
7312	[7312, 77619]
7314	[302767, 7314]
7315	[7315, 98434]
7316	[315251, 49566, 7316]
7322	[7322, 242184]
7326	[44532, 7326]
7328	[59469, 311308, 175388, 7328]
7330	[7330, 258790]
7334	[155276, 7334]
7339	[176185, 200165, 7339]
7340	[7340, 124525]
7342	[28594, 7342, 110816]
7346	[257348, 7346]
7350	[258450, 7350]
7354	[7354, 21201]
7356	[213871, 7356]
7358	[7358, 311944]
7359	[7359, 232764]
7365	[7365, 52978]
7370	[139864, 7370]
7371	[269181, 7371]
7373	[7373, 306268]
7374	[7374, 295818]
7375	[7375, 120601]
7380	[121694, 15577, 7380]
7382	[10842, 7382]
7383	[107182, 78196, 7383]
7385	[7385, 7386]
7391	[294588, 7391]
7397	[7397, 201790]
7398	[7398, 224873, 204425]
7399	[7399, 58133]
7403	[7403, 208702]
7405	[323728, 7405, 70628]
7407	[55112, 7407]
7409	[154676, 222998, 7409, 151838]
7410	[7410, 290517]
7411	[293070, 7411]
7413	[51694, 7413]
7418	[12615, 274632, 146541, 7418, 176033]
7421	[236010, 7421, 174783]
7430	[7430, 78468]
7438	[267956, 302885, 48634, 262586, 7438, 273390]
7441	[176252, 7441]
7442	[7442, 94421, 334164]
7443	[7443, 84447]
7447	[317082, 7447]
7448	[131829, 7448, 74199]
7452	[7452, 299006, 191969]
7455	[131494, 7455]
7456	[7456, 147084]
7460	[36687, 7460]
7461	[7461, 243696]
7465	[127559, 7465]
7468	[278763, 7468]
7470	[214257, 7470]
7472	[7472, 23366, 241381]
7473	[7473, 161881]
7476	[225384, 7476]
7479	[7479, 308832]
7481	[150450, 86471, 7481]
7488	[178375, 79134, 7488]
7490	[51722, 7490]
7491	[24982, 7491, 26180]
7493	[209094, 7493]
7494	[7494, 282338, 136441]
7495	[7495, 293504, 152002, 306960]
7498	[24097, 7498]
7499	[7499, 212060]
7502	[253166, 7502]
7504	[113487, 216382, 7504]
7508	[228541, 7508]
7509	[317165, 7509]
7512	[266432, 7512]
7513	[69017, 7513]
7514	[97062, 331515, 7514]
7518	[148876, 7518]
7519	[16543, 312419, 7519]
7522	[265115, 7522]
7528	[325956, 309825, 7528]
7530	[7530, 55913]
7531	[7531, 154887, 114083]
7534	[308750, 7534]
7535	[7535, 27073, 229605]
7536	[168512, 7536]
7537	[7537, 108529]
7538	[7538, 331433]
7539	[10141, 7539]
7541	[7541, 321621]
7543	[271295, 7543, 273717]
7544	[259748, 7544]
7548	[92001, 7548]
7551	[7551, 333212]
7552	[7552, 20055]
7553	[7553, 99303]
7554	[43731, 7554]
7562	[7562, 64187, 244200]
7564	[227021, 7564]
7573	[7573, 168348, 133664, 45889]
7577	[7577, 320436]
7579	[273643, 7579]
7584	[7584, 309588]
7585	[7585, 322532]
7588	[252421, 127936, 276810, 7588, 79758, 160860, 130912, 54073]
7590	[163559, 7590]
7595	[7595, 149313]
7598	[7598, 9956]
7601	[82227, 7601, 238515, 114116, 266605]
7604	[311520, 7604]
7607	[294030, 7607]
7608	[131472, 289779, 7608, 38408]
7609	[7609, 41361]
7613	[7613, 209686, 49494, 141703, 129593]
7617	[37622, 7617]
7619	[122630, 270542, 7619]
7620	[185964, 7620]
7621	[7621, 71517]
7622	[7622, 44861]
7627	[47395, 7627]
7629	[130745, 7629]
7634	[89958, 7634]
7637	[182576, 7637]
7639	[249225, 26743, 7639]
7640	[7640, 223392, 259512, 8758]
7641	[7641, 68540]
7644	[7644, 332378]
7645	[308915, 7645]
7647	[7647, 126709]
7650	[7650, 212944]
7652	[209281, 19930, 7652]
7654	[163948, 186878, 77343, 7654]
7655	[7655, 184321]
7657	[121754, 12251, 254991, 7657, 28237]
7659	[114000, 290251, 7659]
7660	[7660, 141811]
7662	[86250, 7662]
7663	[7663, 280593, 217616]
7667	[189892, 7667]
7674	[302973, 7674]
7677	[146967, 7677, 157161]
7679	[7679, 108709]
7685	[304639, 7685, 93722, 124024]
7686	[170104, 7686, 316312]
7687	[167910, 7687, 67170]
7688	[7688, 193166]
7690	[7690, 220842]
7691	[108997, 286036, 127700, 7691]
7692	[7692, 109709, 90933]
7697	[7697, 169253]
7699	[108456, 105980, 310302, 7699]
7700	[7700, 172383]
7701	[7701, 183617]
7702	[7702, 81859]
7703	[123514, 7703, 116637]
7706	[327814, 7706]
7707	[7707, 187662]
7709	[7709, 279853]
7712	[101704, 329869, 7712]
7716	[198549, 243932, 7716]
7718	[34903, 7718]
7722	[7722, 88870]
7723	[180410, 334617, 285698, 218530, 7723, 305323, 187017, 330495, 320353, 266816]
7724	[119983, 329703, 227540, 7724]
7725	[15243, 7725]
7726	[7726, 93164]
7729	[128956, 7729]
7730	[64919, 7730, 34923, 21943]
7731	[228831, 7731]
7734	[212705, 7734]
7735	[7735, 190178]
7737	[218470, 91757, 7737]
7738	[7738, 7739]
7744	[107100, 7744, 109063]
7745	[38552, 7745]
7746	[180501, 41689, 7746, 209338]
7747	[7747, 290539]
7748	[73170, 7748]
7749	[124863, 7749]
7751	[258749, 7751, 120194]
7755	[70436, 221274, 7755]
7758	[170039, 7758, 73221]
7759	[299200, 139303, 7759]
7763	[266853, 7763]
7769	[180068, 310415, 7769, 115290, 334721]
7771	[236142, 7771, 325453]
7772	[7772, 215348]
7773	[7773, 132470]
7775	[7775, 140632]
7782	[7782, 189028, 31402]
7785	[284507, 7785]
7786	[7786, 220733]
7787	[7787, 287593]
7789	[7789, 40995]
7795	[7795, 28321]
7797	[306916, 10969, 298803, 85932, 7797]
7800	[229467, 7800]
7806	[105359, 7806]
7808	[7808, 50549]
7811	[223539, 7811, 44142]
7813	[120311, 7813]
7814	[212860, 7814]
7815	[175639, 7815]
7816	[10964, 7816]
7819	[7819, 209538]
7820	[7820, 86674]
7821	[50629, 90269, 7821]
7822	[91484, 7822]
7827	[114279, 7827]
7831	[7831, 7833, 283397]
7835	[13904, 246263, 200018, 7835, 40016]
7836	[134670, 7836]
7840	[7840, 166768, 260832]
7841	[70500, 7841, 124153]
7843	[7843, 96960]
7844	[7844, 57032]
7846	[7846, 264349]
7851	[294516, 7851, 105606]
7858	[8212, 54435, 40375, 7858]
7861	[67584, 7861, 203880]
7862	[23726, 7862]
7863	[7863, 113609]
7864	[7864, 157304]
7867	[39700, 7867]
7873	[7873, 248208]
7874	[191162, 7874]
7876	[306490, 7876]
7880	[7880, 313811, 44186, 135908]
7882	[198209, 7882]
7883	[7883, 155396]
7887	[15013, 7887]
7889	[319491, 7889]
7890	[7890, 220582]
7892	[188509, 7892]
7893	[98171, 7893]
7907	[7907, 137308, 175614]
7908	[7908, 157884, 207040, 211352, 277029, 132977, 207269, 173790, 136053]
7911	[7911, 47914]
7917	[7917, 248634]
7919	[7919, 125619]
7925	[213706, 7925]
7929	[7929, 68370]
7930	[7930, 185471]
7933	[26920, 7933]
7934	[192834, 7934]
7936	[272608, 7936]
7937	[288767, 7937]
7939	[7939, 10660, 217624]
7941	[331143, 7941, 7948]
7942	[131720, 7942]
7949	[130685, 47264, 7949]
7952	[22901, 205455, 273597, 7952]
7959	[237256, 203434, 7959]
7960	[231614, 7960, 31602]
7961	[151392, 7961]
7964	[12041, 144006, 7964, 165456, 210210]
7966	[259978, 7966]
7967	[7967, 46394]
7968	[50153, 7968]
7969	[74923, 152325, 7969]
7971	[7971, 158550]
7973	[7973, 27833]
7974	[7974, 7985, 27830, 31501]
7975	[262214, 7975]
7979	[24788, 7979, 323368]
7980	[7980, 325651]
7983	[7983, 197872]
7986	[149956, 7986]
7988	[7988, 144549]
7989	[165314, 7989]
7992	[7992, 78476]
7993	[7993, 167022]
7994	[7994, 188102]
7999	[7999, 102104]
8000	[290544, 8000, 238836]
8001	[8001, 256961]
8005	[285495, 31474, 8005, 255694]
8006	[8006, 18949, 37613]
8009	[291843, 91011, 301627, 8009, 11068]
8011	[8011, 30403]
8014	[8014, 303497]
8016	[8016, 165424]
8018	[8018, 265762]
8022	[8022, 305420]
8023	[45973, 8023, 251544]
8024	[8024, 137679]
8026	[8026, 151680]
8034	[8034, 39907]
8036	[8036, 52262]
8037	[8037, 237002, 130804]
8038	[216543, 8038]
8041	[101865, 59296, 8041]
8045	[8045, 137110]
8047	[8047, 312845]
8048	[14196, 8048]
8050	[163312, 8050]
8054	[11823, 53361, 8054, 91153]
8055	[8055, 26447]
8062	[8062, 101800]
8068	[8068, 240213, 321503]
8069	[8069, 257844]
8073	[275444, 8073]
8075	[220183, 8075, 151240]
8077	[265600, 8077]
8087	[26052, 241754, 227761, 8087]
8091	[143378, 8091]
8093	[211738, 94318, 8093]
8094	[8094, 48771]
8095	[78507, 8095]
8098	[80274, 8098]
8099	[8099, 285631]
8100	[8100, 230788]
8107	[199356, 8107]
8108	[91734, 8108, 307899]
8109	[8109, 110833]
8110	[8110, 28477]
8115	[82953, 8115, 26902]
8119	[96882, 334506, 8119]
8121	[8121, 223715, 305999]
8123	[8123, 27383]
8124	[8124, 51190]
8125	[8125, 20382]
8126	[8126, 266561]
8127	[23856, 8127]
8128	[313668, 8128, 192745]
8129	[191767, 8129, 281495, 318376]
8131	[307639, 8131]
8133	[211408, 8133]
8134	[8134, 195864, 55660]
8137	[8137, 74022]
8141	[289278, 182844, 8141]
8145	[8145, 299371]
8149	[8149, 94636, 211402]
8151	[106939, 8151]
8155	[8155, 191387]
8156	[8156, 290795]
8157	[8157, 323189, 183032]
8158	[105718, 8158]
8159	[137459, 8159]
8166	[8166, 98458]
8167	[8167, 149164, 314299]
8169	[44105, 8169, 198996]
8173	[289861, 252225, 239341, 264066, 122375, 149092, 256100, 255703, 8173, 47716]
8175	[50749, 8175]
8177	[8177, 156369]
8178	[8178, 142867]
8182	[204521, 8182]
8189	[8189, 123613]
